0.0599025525152683258056641
0.0597869120538234710693359
0.0596697442233562469482422
0.0595564357936382293701172
0.0594404749572277069091797
0.0593272708356380462646484
0.0592132620513439178466797
0.0591015033423900604248047
0.0589883960783481597900391
0.0588770136237144470214844
0.0587673969566822052001953
0.0586552955210208892822266
0.0585487261414527893066406
0.0584391094744205474853516
0.0583314113318920135498047
0.0582244358956813812255859
0.0581175908446311950683594
0.0580115243792533874511719
0.0579043924808502197265625
0.0577980913221836090087891
0.0576945766806602478027344
0.0575900711119174957275391
0.0574871450662612915039063
0.0573826320469379425048828
0.0572797656059265136718750
0.0571785792708396911621094
0.0570784732699394226074219
0.0569762140512466430664063
0.0568783544003963470458984
0.0567783899605274200439453
0.0566789582371711730957031
0.0565794259309768676757813
0.0564831309020519256591797
0.0563834682106971740722656
0.0562877766788005828857422
0.0561894178390502929687500
0.0560957752168178558349609
0.0559981502592563629150391
0.0559026114642620086669922
0.0558071695268154144287109
0.0557145662605762481689453
0.0556214340031147003173828
0.0555291511118412017822266
0.0554336197674274444580078
0.0553431212902069091796875
0.0552500896155834197998047
0.0551573075354099273681641
0.0550682805478572845458984
0.0549774616956710815429688
0.0548883713781833648681641
0.0547961033880710601806641
0.0547077134251594543457031
0.0546190068125724792480469
0.0545299910008907318115234
0.0544435419142246246337891
0.0543553978204727172851563
0.0542684346437454223632813
0.0541826784610748291015625
0.0540938228368759155273438
0.0540105551481246948242188
0.0539234876632690429687500
0.0538406260311603546142578
0.0537569001317024230957031
0.0536708533763885498046875
0.0535861514508724212646484
0.0535050481557846069335938
0.0534201748669147491455078
0.0533382073044776916503906
0.0532554537057876586914063
0.0531749129295349121093750
0.0530928671360015869140625
0.0530123300850391387939453
0.0529310666024684906005859
0.0528513453900814056396484
0.0527709275484085083007813
0.0526898130774497985839844
0.0526118315756320953369141
0.0525331869721412658691406
0.0524546653032302856445313
0.0523755028843879699707031
0.0522980205714702606201172
0.0522222630679607391357422
0.0521420128643512725830078
0.0520658418536186218261719
0.0519867464900016784667969
0.0519133545458316802978516
0.0518370643258094787597656
0.0517610125243663787841797
0.0516860187053680419921875
0.0516113005578517913818359
0.0515376701951026916503906
0.0514627546072006225585938
0.0513921603560447692871094
0.0513154864311218261718750
0.0512431673705577850341797
0.0511671788990497589111328
0.0510955974459648132324219
0.0510235950350761413574219
0.0509528070688247680664063
0.0508799925446510314941406
0.0508116930723190307617188
0.0507389195263385772705078
0.0506674163043498992919922
0.0505955480039119720458984
0.0505266375839710235595703
0.0504565648734569549560547
0.0503869876265525817871094
0.0503170974552631378173828
0.0502485744655132293701172
0.0501797497272491455078125
0.0501114837825298309326172
0.0500420928001403808593750
0.0499766655266284942626953
0.0499075911939144134521484
0.0498399659991264343261719
0.0497721023857593536376953
0.0497074313461780548095703
0.0496399700641632080078125
0.0495740212500095367431641
0.0495070070028305053710938
0.0494406595826148986816406
0.0493776053190231323242188
0.0493091605603694915771484
0.0492440350353717803955078
0.0491813756525516510009766
0.0491168200969696044921875
0.0490512549877166748046875
0.0489890798926353454589844
0.0489241480827331542968750
0.0488590970635414123535156
0.0487966015934944152832031
0.0487340167164802551269531
0.0486722439527511596679688
0.0486077144742012023925781
0.0485475957393646240234375
0.0484847277402877807617188
0.0484200045466423034667969
0.0483606569468975067138672
0.0482994653284549713134766
0.0482373461127281188964844
0.0481761097908020019531250
0.0481176115572452545166016
0.0480582006275653839111328
0.0479969680309295654296875
0.0479366704821586608886719
0.0478773117065429687500000
0.0478179939091205596923828
0.0477587059140205383300781
0.0476994700729846954345703
0.0476384237408638000488281
0.0475830361247062683105469
0.0475230515003204345703125
0.0474640764296054840087891
0.0474051758646965026855469
0.0473482608795166015625000
0.0472904965281486511230469
0.0472337938845157623291016
0.0471753031015396118164063
0.0471188351511955261230469
0.0470615476369857788085938
0.0470063053071498870849609
0.0469502583146095275878906
0.0468943603336811065673828
0.0468357279896736145019531
0.0467830486595630645751953
0.0467276535928249359130859
0.0466724373400211334228516
0.0466164313256740570068359
0.0465635433793067932128906
0.0465059764683246612548828
0.0464515462517738342285156
0.0463963486254215240478516
0.0463433340191841125488281
0.0462895669043064117431641
0.0462360382080078125000000
0.0461837425827980041503906
0.0461297109723091125488281
0.0460759289562702178955078
0.0460224114358425140380859
0.0459681525826454162597656
0.0459181815385818481445313
0.0458644740283489227294922
0.0458120554685592651367188
0.0457609444856643676757813
0.0457091256976127624511719
0.0456545650959014892578125
0.0456043779850006103515625
0.0455524772405624389648438
0.0455029383301734924316406
0.0454486198723316192626953
0.0453987307846546173095703
0.0453481599688529968261719
0.0452969074249267578125000
0.0452491119503974914550781
0.0451965071260929107666016
0.0451484136283397674560547
0.0450965426862239837646484
0.0450471267104148864746094
0.0449991449713706970214844
0.0449494644999504089355469
0.0448991321027278900146484
0.0448502525687217712402344
0.0448007248342037200927734
0.0447526723146438598632813
0.0447029173374176025390625
0.0446557141840457916259766
0.0446057580411434173583984
0.0445583611726760864257813
0.0445114113390445709228516
0.0444649159908294677734375
0.0444167405366897583007813
0.0443679429590702056884766
0.0443206876516342163085938
0.0442739017307758331298828
0.0442265160381793975830078
0.0441806949675083160400391
0.0441321060061454772949219
0.0440872721374034881591797
0.0440385788679122924804688
0.0439947545528411865234375
0.0439459756016731262207031
0.0439009927213191986083984
0.0438543371856212615966797
0.0438093021512031555175781
0.0437625944614410400390625
0.0437164194881916046142578
0.0436741113662719726562500
0.0436279177665710449218750
0.0435822717845439910888672
0.0435371771454811096191406
0.0434926487505435943603516
0.0434486903250217437744141
0.0434053055942058563232422
0.0433579981327056884765625
0.0433146506547927856445313
0.0432707667350769042968750
0.0432286038994789123535156
0.0431825108826160430908203
0.0431404225528240203857422
0.0430966690182685852050781
0.0430501066148281097412109
0.0430110096931457519531250
0.0429668277502059936523438
0.0429244115948677062988281
0.0428814850747585296630859
0.0428368896245956420898438
0.0427963957190513610839844
0.0427519269287586212158203
0.0427092611789703369140625
0.0426672548055648803710938
0.0426235832273960113525391
0.0425852350890636444091797
0.0425417311489582061767578
0.0425012409687042236328125
0.0424579121172428131103516
0.0424187965691089630126953
0.0423564352095127105712891
0.0422747768461704254150391
0.0421923846006393432617188
0.0421116650104522705078125
0.0420302636921405792236328
0.0419505983591079711914063
0.0418708920478820800781250
0.0417899675667285919189453
0.0417120829224586486816406
0.0416324064135551452636719
0.0415546186268329620361328
0.0414762981235980987548828
0.0413993112742900848388672
0.0413224548101425170898438
0.0412463657557964324951172
0.0411717072129249572753906
0.0410953722894191741943359
0.0410186201333999633789063
0.0409439913928508758544922
0.0408702567219734191894531
0.0407955385744571685791016
0.0407230369746685028076172
0.0406489446759223937988281
0.0405764803290367126464844
0.0405037403106689453125000
0.0404320359230041503906250
0.0403613969683647155761719
0.0402892343699932098388672
0.0402175188064575195312500
0.0401475839316844940185547
0.0400788001716136932373047
0.0400078929960727691650391
0.0399394966661930084228516
0.0398689955472946166992188
0.0398017242550849914550781
0.0397323742508888244628906
0.0396649688482284545898438
0.0395968444645404815673828
0.0395293645560741424560547
0.0394618660211563110351563
0.0393957272171974182128906
0.0393302962183952331542969
0.0392642132937908172607422
0.0391988679766654968261719
0.0391329042613506317138672
0.0390683934092521667480469
0.0390019007027149200439453
0.0389382950961589813232422
0.0388741195201873779296875
0.0388107895851135253906250
0.0387476161122322082519531
0.0386839061975479125976563
0.0386225059628486633300781
0.0385613180696964263916016
0.0384967811405658721923828
0.0384346060454845428466797
0.0383741110563278198242188
0.0383131541311740875244141
0.0382517501711845397949219
0.0381913557648658752441406
0.0381312593817710876464844
0.0380689278244972229003906
0.0380105674266815185546875
0.0379521884024143218994141
0.0378926955163478851318359
0.0378331989049911499023438
0.0377729684114456176757813
0.0377149805426597595214844
0.0376574024558067321777344
0.0375994965434074401855469
0.0375420227646827697753906
0.0374849960207939147949219
0.0374276712536811828613281
0.0373708158731460571289063
0.0373136848211288452148438
0.0372570455074310302734375
0.0372024439275264739990234
0.0371468327939510345458984
0.0370909869670867919921875
0.0370356850326061248779297
0.0369801633059978485107422
0.0369255952537059783935547
0.0368696637451648712158203
0.0368158742785453796386719
0.0367619134485721588134766
0.0367093496024608612060547
0.0366534888744354248046875
0.0366021953523159027099609
0.0365476049482822418212891
0.0364940650761127471923828
0.0364419929683208465576172
0.0363902039825916290283203
0.0363379195332527160644531
0.0362855307757854461669922
0.0362334549427032470703125
0.0361817032098770141601563
0.0361306890845298767089844
0.0360796116292476654052734
0.0360280722379684448242188
0.0359785296022891998291016
0.0359277240931987762451172
0.0358768887817859649658203
0.0358264409005641937255859
0.0357772186398506164550781
0.0357271656394004821777344
0.0356779471039772033691406
0.0356291495263576507568359
0.0355787090957164764404297
0.0355312190949916839599609
0.0354820899665355682373047
0.0354346893727779388427734
0.0353852324187755584716797
0.0353379435837268829345703
0.0352898724377155303955078
0.0352427288889884948730469
0.0351935364305973052978516
0.0351461321115493774414063
0.0351001098752021789550781
0.0350533388555049896240234
0.0350071080029010772705078
0.0349596999585628509521484
0.0349145829677581787109375
0.0348678641021251678466797
0.0348208472132682800292969
0.0347752831876277923583984
0.0347307473421096801757813
0.0346846245229244232177734
0.0346395447850227355957031
0.0345933176577091217041016
0.0345490388572216033935547
0.0345053933560848236083984
0.0344592779874801635742188
0.0344155877828598022460938
0.0343712158501148223876953
0.0343270599842071533203125
0.0342831239104270935058594
0.0342398695647716522216797
0.0341959483921527862548828
0.0341522656381130218505859
0.0341083742678165435791016
0.0340679250657558441162109
0.0340236425399780273437500
0.0339809879660606384277344
0.0339386165142059326171875
0.0338960625231266021728516
0.0338542535901069641113281
0.0338127426803112030029297
0.0337687470018863677978516
0.0337292365729808807373047
0.0336849205195903778076172
0.0336460471153259277343750
0.0336037650704383850097656
0.0335622802376747131347656
0.0335206538438796997070313
0.0334807857871055603027344
0.0334393754601478576660156
0.0333987921476364135742188
0.0333590395748615264892578
0.0333187058568000793457031
0.0332773104310035705566406
0.0332396402955055236816406
0.0331990048289299011230469
0.0331577882170677185058594
0.0331184081733226776123047
0.0330813601613044738769531
0.0330403707921504974365234
0.0330012440681457519531250
0.0329620428383350372314453
0.0329252146184444427490234
0.0328844264149665832519531
0.0328470021486282348632813
0.0328080616891384124755859
0.0327695570886135101318359
0.0327319987118244171142578
0.0326934121549129486083984
0.0326572693884372711181641
0.0326186195015907287597656
0.0325794368982315063476563
0.0325427278876304626464844
0.0325049981474876403808594
0.0324682630598545074462891
0.0324305072426795959472656
0.0323922410607337951660156
0.0323564931750297546386719
0.0323217697441577911376953
0.0322840102016925811767578
0.0322482921183109283447266
0.0322100482881069183349609
0.0321743600070476531982422
0.0321381911635398864746094
0.0321020446717739105224609
0.0320664420723915100097656
0.0320288166403770446777344
0.0319948345422744750976563
0.0319593437016010284423828
0.0319249406456947326660156
0.0318885110318660736083984
0.0318526476621627807617188
0.0318189263343811035156250
0.0317847505211830139160156
0.0317480154335498809814453
0.0317134484648704528808594
0.0316789485514163970947266
0.0316450521349906921386719
0.0316101796925067901611328
0.0315775088965892791748047
0.0315422713756561279296875
0.0315065830945968627929688
0.0314736552536487579345703
0.0314413607120513916015625
0.0314070247113704681396484
0.0313717201352119445800781
0.0313392058014869689941406
0.0313051827251911163330078
0.0312728956341743469238281
0.0312391053885221481323242
0.0312065165489912033081055
0.0311740543693304061889648
0.0311400853097438812255859
0.0311078839004039764404297
0.0310741718858480453491211
0.0310422424226999282836914
0.0310099050402641296386719
0.0309777110815048217773438
0.0309456661343574523925781
0.0309115555137395858764648
0.0308825839310884475708008
0.0308504477143287658691406
0.0308179128915071487426758
0.0307849794626235961914063
0.0307538863271474838256836
0.0307235252112150192260742
0.0306910965591669082641602
0.0306599624454975128173828
0.0306290108710527420043945
0.0305971112102270126342773
0.0305659584701061248779297
0.0305355638265609741210938
0.0305030867457389831542969
0.0304742176085710525512695
0.0304421260952949523925781
0.0304125193506479263305664
0.0303819738328456878662109
0.0303510595113039016723633
0.0303215049207210540771484
0.0302904322743415832519531
0.0302601531147956848144531
0.0302312485873699188232422
0.0302014090120792388916016
0.0301706325262784957885742
0.0301400795578956604003906
0.0301115047186613082885742
0.0300808269530534744262695
0.0300533119589090347290039
0.0300231054425239562988281
0.0299937296658754348754883
0.0299512762576341629028320
0.0298934560269117355346680
0.0298348721116781234741211
0.0297782178968191146850586
0.0297202374786138534545898
0.0296636354178190231323242
0.0296066310256719589233398
0.0295507516711950302124023
0.0294941980391740798950195
0.0294385068118572235107422
0.0293836984783411026000977
0.0293276477605104446411133
0.0292743630707263946533203
0.0292195547372102737426758
0.0291657056659460067749023
0.0291122179478406906127930
0.0290587954223155975341797
0.0290057621896266937255859
0.0289521962404251098632813
0.0288990456610918045043945
0.0288472883403301239013672
0.0287950355559587478637695
0.0287435725331306457519531
0.0286913160234689712524414
0.0286398828029632568359375
0.0285892896354198455810547
0.0285392366349697113037109
0.0284881070256233215332031
0.0284391772001981735229492
0.0283891949802637100219727
0.0283394791185855865478516
0.0282897129654884338378906
0.0282415654510259628295898
0.0281917341053485870361328
0.0281438883394002914428711
0.0280947089195251464843750
0.0280478876084089279174805
0.0279990751296281814575195
0.0279513057321310043334961
0.0279035847634077072143555
0.0278572831302881240844727
0.0278107170015573501586914
0.0277645755559206008911133
0.0277168098837137222290039
0.0276715606451034545898438
0.0276250448077917098999023
0.0275786537677049636840820
0.0275341402739286422729492
0.0274887308478355407714844
0.0274441856890916824340820
0.0273980516940355300903320
0.0273538567125797271728516
0.0273095034062862396240234
0.0272649955004453659057617
0.0272217709571123123168945
0.0271776989102363586425781
0.0271342173218727111816406
0.0270913392305374145507813
0.0270469114184379577636719
0.0270052775740623474121094
0.0269617438316345214843750
0.0269203130155801773071289
0.0268784500658512115478516
0.0268354266881942749023438
0.0267930757254362106323242
0.0267525240778923034667969
0.0267100874334573745727539
0.0266691036522388458251953
0.0266277268528938293457031
0.0265874564647674560546875
0.0265464335680007934570313
0.0265061650425195693969727
0.0264655333012342453002930
0.0264256726950407028198242
0.0263854637742042541503906
0.0263449065387248992919922
0.0263059157878160476684570
0.0262665934860706329345703
0.0262273326516151428222656
0.0261877514421939849853516
0.0261490102857351303100586
0.0261111315339803695678711
0.0260710064321756362915039
0.0260329209268093109130859
0.0259933732450008392333984
0.0259566772729158401489258
0.0259185321629047393798828
0.0258805062621831893920898
0.0258430093526840209960938
0.0258056502789258956909180
0.0257688350975513458251953
0.0257313773036003112792969
0.0256960801780223846435547
0.0256577432155609130859375
0.0256215836852788925170898
0.0255835894495248794555664
0.0255477987229824066162109
0.0255117975175380706787109
0.0254764035344123840332031
0.0254399962723255157470703
0.0254058465361595153808594
0.0253694597631692886352539
0.0253337081521749496459961
0.0252977740019559860229492
0.0252633187919855117797852
0.0252282824367284774780273
0.0251934938132762908935547
0.0251585487276315689086914
0.0251242872327566146850586
0.0250898748636245727539063
0.0250557418912649154663086
0.0250210464000701904296875
0.0249883327633142471313477
0.0249537955969572067260742
0.0249199829995632171630859
0.0248860511928796768188477
0.0248537156730890274047852
0.0248199850320816040039063
0.0247870106250047683715820
0.0247535035014152526855469
0.0247203297913074493408203
0.0246888026595115661621094
0.0246545802801847457885742
0.0246220175176858901977539
0.0245906878262758255004883
0.0245584100484848022460938
0.0245256274938583374023438
0.0244945399463176727294922
0.0244620740413665771484375
0.0244295485317707061767578
0.0243983007967472076416016
0.0243670083582401275634766
0.0243361219763755798339844
0.0243038572371006011962891
0.0242737978696823120117188
0.0242423638701438903808594
0.0242100022733211517333984
0.0241803284734487533569336
0.0241497326642274856567383
0.0241186730563640594482422
0.0240880548954010009765625
0.0240588057786226272583008
0.0240291003137826919555664
0.0239984840154647827148438
0.0239683352410793304443359
0.0239386558532714843750000
0.0239089969545602798461914
0.0238793529570102691650391
0.0238497350364923477172852
0.0238192118704319000244141
0.0237915180623531341552734
0.0237615257501602172851563
0.0237320382148027420043945
0.0237025879323482513427734
0.0236741304397583007812500
0.0236452482640743255615234
0.0236168969422578811645508
0.0235876515507698059082031
0.0235594175755977630615234
0.0235307738184928894042969
0.0235031526535749435424805
0.0234751291573047637939453
0.0234471801668405532836914
0.0234178639948368072509766
0.0233915243297815322875977
0.0233638267964124679565430
0.0233362186700105667114258
0.0233082156628370285034180
0.0232817716896533966064453
0.0232529882341623306274414
0.0232257731258869171142578
0.0231981743127107620239258
0.0231716670095920562744141
0.0231447834521532058715820
0.0231180191040039062500000
0.0230918712913990020751953
0.0230648554861545562744141
0.0230379644781351089477539
0.0230112057179212570190430
0.0229840762913227081298828
0.0229590907692909240722656
0.0229322370141744613647461
0.0229060277342796325683594
0.0228804722428321838378906
0.0228545628488063812255859
0.0228272825479507446289063
0.0228021889925003051757813
0.0227762386202812194824219
0.0227514691650867462158203
0.0227243099361658096313477
0.0226993653923273086547852
0.0226740799844264984130859
0.0226484537124633789062500
0.0226245559751987457275391
0.0225982535630464553833008
0.0225742068141698837280273
0.0225482713431119918823242
0.0225235633552074432373047
0.0224995724856853485107422
0.0224747322499752044677734
0.0224495660513639450073242
0.0224251262843608856201172
0.0224003624171018600463867
0.0223763361573219299316406
0.0223514586687088012695313
0.0223278570920228958129883
0.0223028790205717086791992
0.0222791805863380432128906
0.0222557056695222854614258
0.0222324579954147338867188
0.0222083702683448791503906
0.0221839714795351028442383
0.0221603438258171081542969
0.0221369508653879165649414
0.0221132580190896987915039
0.0220903474837541580200195
0.0220660530030727386474609
0.0220436360687017440795898
0.0220192894339561462402344
0.0219973772764205932617188
0.0219729878008365631103516
0.0219504963606595993041992
0.0219271685928106307983398
0.0219046510756015777587891
0.0218812972307205200195313
0.0218582097440958023071289
0.0218370556831359863281250
0.0218139588832855224609375
0.0217911358922719955444336
0.0217685885727405548095703
0.0217463243752717971801758
0.0217243451625108718872070
0.0217026527971029281616211
0.0216789990663528442382813
0.0216573253273963928222656
0.0216353833675384521484375
0.0216143019497394561767578
0.0215912554413080215454102
0.0215702112764120101928711
0.0215483345091342926025391
0.0215250533074140548706055
0.0215055048465728759765625
0.0214834138751029968261719
0.0214622057974338531494141
0.0214407425373792648315430
0.0214184448122978210449219
0.0213981978595256805419922
0.0213759634643793106079102
0.0213546305894851684570313
0.0213336274027824401855469
0.0213117916136980056762695
0.0212926175445318222045898
0.0212708655744791030883789
0.0212506204843521118164063
0.0212289560586214065551758
0.0212093982845544815063477
0.0211782176047563552856445
0.0211373884230852127075195
0.0210961923003196716308594
0.0210558325052261352539063
0.0210151318460702896118164
0.0209752991795539855957031
0.0209354460239410400390625
0.0208949837833642959594727
0.0208560414612293243408203
0.0208162032067775726318359
0.0207773093134164810180664
0.0207381490617990493774414
0.0206996556371450424194336
0.0206612274050712585449219
0.0206231828778982162475586
0.0205858536064624786376953
0.0205476861447095870971680
0.0205093100666999816894531
0.0204719956964254379272461
0.0204351283609867095947266
0.0203977692872285842895508
0.0203615184873342514038086
0.0203244723379611968994141
0.0202882401645183563232422
0.0202518701553344726562500
0.0202160179615020751953125
0.0201806984841823577880859
0.0201446171849966049194336
0.0201087594032287597656250
0.0200737919658422470092773
0.0200394000858068466186523
0.0200039464980363845825195
0.0199697483330965042114258
0.0199344977736473083496094
0.0199008621275424957275391
0.0198661871254444122314453
0.0198324844241142272949219
0.0197984222322702407836914
0.0197646822780370712280273
0.0197309330105781555175781
0.0196978636085987091064453
0.0196651481091976165771484
0.0196321066468954086303711
0.0195994339883327484130859
0.0195664521306753158569336
0.0195341967046260833740234
0.0195009503513574600219727
0.0194691475480794906616211
0.0194370597600936889648438
0.0194053947925567626953125
0.0193738080561161041259766
0.0193419530987739562988281
0.0193112529814243316650391
0.0192806590348482131958008
0.0192483905702829360961914
0.0192173030227422714233398
0.0191870555281639099121094
0.0191565770655870437622070
0.0191258750855922698974609
0.0190956778824329376220703
0.0190656296908855438232422
0.0190344639122486114501953
0.0190052837133407592773438
0.0189760942012071609497070
0.0189463477581739425659180
0.0189165994524955749511719
0.0188864842057228088378906
0.0188574902713298797607422
0.0188287012279033660888672
0.0187997482717037200927734
0.0187710113823413848876953
0.0187424980103969573974609
0.0187138356268405914306641
0.0186854079365730285644531
0.0186568424105644226074219
0.0186285227537155151367188
0.0186012219637632369995117
0.0185734163969755172729492
0.0185454934835433959960938
0.0185178425163030624389648
0.0184900816529989242553711
0.0184627976268529891967773
0.0184348318725824356079102
0.0184079371392726898193359
0.0183809567242860794067383
0.0183546748012304306030273
0.0183267444372177124023438
0.0183010976761579513549805
0.0182738024741411209106445
0.0182470325380563735961914
0.0182209964841604232788086
0.0181951019912958145141602
0.0181689597666263580322266
0.0181427653878927230834961
0.0181167274713516235351563
0.0180908516049385070800781
0.0180653445422649383544922
0.0180398058146238327026367
0.0180140361189842224121094
0.0179892648011445999145508
0.0179638620465993881225586
0.0179384443908929824829102
0.0179132204502820968627930
0.0178886093199253082275391
0.0178635828197002410888672
0.0178389735519886016845703
0.0178145747631788253784180
0.0177893545478582382202148
0.0177656095474958419799805
0.0177410449832677841186523
0.0177173446863889694213867
0.0176926162093877792358398
0.0176689717918634414672852
0.0176449362188577651977539
0.0176213644444942474365234
0.0175967682152986526489258
0.0175730660557746887207031
0.0175500549376010894775391
0.0175266694277524948120117
0.0175035540014505386352539
0.0174798499792814254760742
0.0174572914838790893554688
0.0174339320510625839233398
0.0174104236066341400146484
0.0173876415938138961791992
0.0173653736710548400878906
0.0173423122614622116088867
0.0173197723925113677978516
0.0172966588288545608520508
0.0172745194286108016967773
0.0172526966780424118041992
0.0172296389937400817871094
0.0172077938914299011230469
0.0171856079250574111938477
0.0171635299921035766601563
0.0171415619552135467529297
0.0171199347823858261108398
0.0170979741960763931274414
0.0170761328190565109252930
0.0170541871339082717895508
0.0170339625328779220581055
0.0170118212699890136718750
0.0169904939830303192138672
0.0169693082571029663085938
0.0169480312615633010864258
0.0169271267950534820556641
0.0169063713401556015014648
0.0168843735009431838989258
0.0168646182864904403686523
0.0168424602597951889038086
0.0168230235576629638671875
0.0168018825352191925048828
0.0167811401188373565673828
0.0167603269219398498535156
0.0167403928935527801513672
0.0167196877300739288330078
0.0166993960738182067871094
0.0166795197874307632446289
0.0166593529284000396728516
0.0166386552155017852783203
0.0166198201477527618408203
0.0165995024144649505615234
0.0165788941085338592529297
0.0165592040866613388061523
0.0165406800806522369384766
0.0165201853960752487182617
0.0165006220340728759765625
0.0164810214191675186157227
0.0164626073092222213745117
0.0164422132074832916259766
0.0164235010743141174316406
0.0164040308445692062377930
0.0163847785443067550659180
0.0163659993559122085571289
0.0163467060774564743041992
0.0163286346942186355590820
0.0163093097507953643798828
0.0162897184491157531738281
0.0162713639438152313232422
0.0162524990737438201904297
0.0162341315299272537231445
0.0162152536213397979736328
0.0161961205303668975830078
0.0161782465875148773193359
0.0161608848720788955688477
0.0161420051008462905883789
0.0161241460591554641723633
0.0161050241440534591674805
0.0160871800035238265991211
0.0160690955817699432373047
0.0160510223358869552612305
0.0160332210361957550048828
0.0160144083201885223388672
0.0159974172711372375488281
0.0159796718508005142211914
0.0159624703228473663330078
0.0159442555159330368041992
0.0159263238310813903808594
0.0159094631671905517578125
0.0158923752605915069580078
0.0158740077167749404907227
0.0158567242324352264404297
0.0158394742757081985473633
0.0158225260674953460693359
0.0158050898462533950805664
0.0157887544482946395874023
0.0157711356878280639648438
0.0157532915472984313964844
0.0157368276268243789672852
0.0157206803560256958007813
0.0157035123556852340698242
0.0156858600676059722900391
0.0156696029007434844970703
0.0156525913625955581665039
0.0156364478170871734619141
0.0156195526942610740661621
0.0156032582744956016540527
0.0155870271846652030944824
0.0155700426548719406127930
0.0155539419502019882202148
0.0155370859429240226745605
0.0155211212113499641418457
0.0155049525201320648193359
0.0154888555407524108886719
0.0154728330671787261962891
0.0154557777568697929382324
0.0154412919655442237854004
0.0154252238571643829345703
0.0154089564457535743713379
0.0153924897313117980957031
0.0153769431635737419128418
0.0153617626056075096130371
0.0153455482795834541320801
0.0153299812227487564086914
0.0153145054355263710021973
0.0152985556051135063171387
0.0152829792350530624389648
0.0152677819132804870605469
0.0152515433728694915771484
0.0152371088042855262756348
0.0152210630476474761962891
0.0152062596753239631652832
0.0151909869164228439331055
0.0151755297556519508361816
0.0151607524603605270385742
0.0151452161371707916259766
0.0151300765573978424072266
0.0151156242936849594116211
0.0151007045060396194458008
0.0150853162631392478942871
0.0150700397789478302001953
0.0150557523593306541442871
0.0150404134765267372131348
0.0150266559794545173645020
0.0150115527212619781494141
0.0149968648329377174377441
0.0149756381288170814514160
0.0149467280134558677673340
0.0149174360558390617370605
0.0148891089484095573425293
0.0148601187393069267272949
0.0148318177089095115661621
0.0148033155128359794616699
0.0147753758355975151062012
0.0147470990195870399475098
0.0147192534059286117553711
0.0146918492391705513000488
0.0146638238802552223205566
0.0146371815353631973266602
0.0146097773686051368713379
0.0145828528329730033874512
0.0145561089739203453063965
0.0145293977111577987670898
0.0145028810948133468627930
0.0144760981202125549316406
0.0144495228305459022521973
0.0144236441701650619506836
0.0143975177779793739318848
0.0143717862665653228759766
0.0143456580117344856262207
0.0143199414014816284179688
0.0142946448177099227905273
0.0142696183174848556518555
0.0142440535128116607666016
0.0142195886000990867614746
0.0141945974901318550109863
0.0141697395592927932739258
0.0141448564827442169189453
0.0141207827255129814147949
0.0140958670526742935180664
0.0140719441697001457214355
0.0140473544597625732421875
0.0140239438042044639587402
0.0139995375648140907287598
0.0139756528660655021667480
0.0139517923817038536071777
0.0139286415651440620422363
0.0139053585007786750793457
0.0138822877779603004455566
0.0138584049418568611145020
0.0138357803225517272949219
0.0138125224038958549499512
0.0137893268838524818420410
0.0137670701369643211364746
0.0137443654239177703857422
0.0137220928445458412170410
0.0136990258470177650451660
0.0136769283562898635864258
0.0136547517031431198120117
0.0136324977502226829528809
0.0136108854785561561584473
0.0135888494551181793212891
0.0135671086609363555908203
0.0135456696152687072753906
0.0135234557092189788818359
0.0135026387870311737060547
0.0134808719158172607421875
0.0134601565077900886535645
0.0134392250329256057739258
0.0134177133440971374511719
0.0133965378627181053161621
0.0133762620389461517333984
0.0133550437167286872863770
0.0133345518261194229125977
0.0133138634264469146728516
0.0132937282323837280273438
0.0132732167840003967285156
0.0132530825212597846984863
0.0132327666506171226501465
0.0132128363475203514099121
0.0131927318871021270751953
0.0131724532693624496459961
0.0131529578939080238342285
0.0131332967430353164672852
0.0131136663258075714111328
0.0130938757210969924926758
0.0130745051428675651550293
0.0130555657669901847839355
0.0130355032160878181457520
0.0130164604634046554565430
0.0129966866225004196166992
0.0129783386364579200744629
0.0129592660814523696899414
0.0129402531310915946960449
0.0129215046763420104980469
0.0129028251394629478454590
0.0128844175487756729125977
0.0128656886518001556396484
0.0128480400890111923217773
0.0128288716077804565429688
0.0128107918426394462585449
0.0127917947247624397277832
0.0127738993614912033081055
0.0127558987587690353393555
0.0127382017672061920166016
0.0127199981361627578735352
0.0127029232680797576904297
0.0126847298815846443176270
0.0126668540760874748229980
0.0126488870009779930114746
0.0126316593959927558898926
0.0126141412183642387390137
0.0125967469066381454467773
0.0125792743638157844543457
0.0125621436163783073425293
0.0125449374318122863769531
0.0125278709456324577331543
0.0125105232000350952148438
0.0124941663816571235656738
0.0124768977984786033630371
0.0124599914997816085815430
0.0124430255964398384094238
0.0124268578365445137023926
0.0124099925160408020019531
0.0123935053125023841857910
0.0123767517507076263427734
0.0123601648956537246704102
0.0123444013297557830810547
0.0123272901400923728942871
0.0123110087588429450988770
0.0122953439131379127502441
0.0122792050242424011230469
0.0122628137469291687011719
0.0122472699731588363647461
0.0122310370206832885742188
0.0122147742658853530883789
0.0121991503983736038208008
0.0121835041791200637817383
0.0121680609881877899169922
0.0121519286185503005981445
0.0121368989348411560058594
0.0121211819350719451904297
0.0121050011366605758666992
0.0120901642367243766784668
0.0120748663321137428283691
0.0120593365281820297241211
0.0120440274477005004882813
0.0120294028893113136291504
0.0120145501568913459777832
0.0119992420077323913574219
0.0119841676205396652221680
0.0119693279266357421875000
0.0119544984772801399230957
0.0119396764785051345825195
0.0119248675182461738586426
0.0119096059352159500122070
0.0118957590311765670776367
0.0118807628750801086425781
0.0118660191074013710021973
0.0118512939661741256713867
0.0118370652198791503906250
0.0118226241320371627807617
0.0118084484711289405822754
0.0117938257753849029541016
0.0117797087877988815307617
0.0117653869092464447021484
0.0117515763267874717712402
0.0117375645786523818969727
0.0117235900834202766418457
0.0117089319974184036254883
0.0116957621648907661437988
0.0116819133982062339782715
0.0116681093350052833557129
0.0116541078314185142517090
0.0116408858448266983032227
0.0116264941170811653137207
0.0116128865629434585571289
0.0115990871563553810119629
0.0115858335047960281372070
0.0115723917260766029357910
0.0115590095520019531250000
0.0115459356456995010375977
0.0115324277430772781372070
0.0115189822390675544738770
0.0115056028589606285095215
0.0114920381456613540649414
0.0114795453846454620361328
0.0114661185070872306823730
0.0114530138671398162841797
0.0114402361214160919189453
0.0114272814244031906127930
0.0114136412739753723144531
0.0114010944962501525878906
0.0113881193101406097412109
0.0113757345825433731079102
0.0113621549680829048156738
0.0113496826961636543273926
0.0113370399922132492065430
0.0113242268562316894531250
0.0113122779875993728637695
0.0112991267815232276916504
0.0112871034070849418640137
0.0112741356715559959411621
0.0112617816776037216186523
0.0112497862428426742553711
0.0112373661249876022338867
0.0112247830256819725036621
0.0112125631421804428100586
0.0112001812085509300231934
0.0111881680786609649658203
0.0111757293343544006347656
0.0111639285460114479064941
0.0111514395102858543395996
0.0111395902931690216064453
0.0111278528347611427307129
0.0111162289977073669433594
0.0111041851341724395751953
0.0110919857397675514221191
0.0110801719129085540771484
0.0110684754326939582824707
0.0110566290095448493957520
0.0110451737418770790100098
0.0110330265015363693237305
0.0110218180343508720397949
0.0110096447169780731201172
0.0109986886382102966308594
0.0109864939004182815551758
0.0109752481803297996520996
0.0109635842964053153991699
0.0109523255378007888793945
0.0109406486153602600097656
0.0109291048720479011535645
0.0109185278415679931640625
0.0109069794416427612304688
0.0108955679461359977722168
0.0108842942863702774047852
0.0108731621876358985900879
0.0108621725812554359436035
0.0108513263985514640808105
0.0108394995331764221191406
0.0108286626636981964111328
0.0108176916837692260742188
0.0108071509748697280883789
0.0107956277206540107727051
0.0107851056382060050964355
0.0107741672545671463012695
0.0107625266537070274353027
0.0107527524232864379882813
0.0107417069375514984130859
0.0107311028987169265747070
0.0107203712686896324157715
0.0107092224061489105224609
0.0106990989297628402709961
0.0106879817321896553039551
0.0106773152947425842285156
0.0106668137013912200927734
0.0106558958068490028381348
0.0106463087722659111022949
0.0106354327872395515441895
0.0106253102421760559082031
0.0106144780293107032775879
0.0106046991422772407531738
0.0105891088023781776428223
0.0105686942115426063537598
0.0105480961501598358154297
0.0105279162526130676269531
0.0105075659230351448059082
0.0104876495897769927978516
0.0104677230119705200195313
0.0104474918916821479797363
0.0104280207306146621704102
0.0104081016033887863159180
0.0103886546567082405090332
0.0103690745308995246887207
0.0103498278185725212097168
0.0103306137025356292724609
0.0103115914389491081237793
0.0102929268032312393188477
0.0102738430723547935485840
0.0102546550333499908447266
0.0102359978482127189636230
0.0102175641804933547973633
0.0101988846436142921447754
0.0101807592436671257019043
0.0101622361689805984497070
0.0101441200822591781616211
0.0101259350776672363281250
0.0101080089807510375976563
0.0100903492420911788940430
0.0100723085924983024597168
0.0100543797016143798828125
0.0100368959829211235046387
0.0100197000429034233093262
0.0100019732490181922912598
0.0099848741665482521057129
0.0099672488868236541748047
0.0099504310637712478637695
0.0099330935627222061157227
0.0099162422120571136474609
0.0098992111161351203918457
0.0098823411390185356140137
0.0098654665052890777587891
0.0098489318042993545532227
0.0098325740545988082885742
0.0098160533234477043151855
0.0097997169941663742065430
0.0097832260653376579284668
0.0097670983523130416870117
0.0097504751756787300109863
0.0097345737740397453308105
0.0097185298800468444824219
0.0097026973962783813476563
0.0096869040280580520629883
0.0096709765493869781494141
0.0096556264907121658325195
0.0096403295174241065979004
0.0096241952851414680480957
0.0096086515113711357116699
0.0095935277640819549560547
0.0095782885327935218811035
0.0095629375427961349487305
0.0095478389412164688110352
0.0095328148454427719116211
0.0095172319561243057250977
0.0095026418566703796386719
0.0094880471006035804748535
0.0094731738790869712829590
0.0094582997262477874755859
0.0094432421028614044189453
0.0094287451356649398803711
0.0094143506139516830444336
0.0093998741358518600463867
0.0093855056911706924438477
0.0093712490051984786987305
0.0093569178134202957153320
0.0093427039682865142822266
0.0093284212052822113037109
0.0093142613768577575683594
0.0093006109818816184997559
0.0092867081984877586364746
0.0092727467417716979980469
0.0092589212581515312194824
0.0092450408264994621276855
0.0092313988134264945983887
0.0092174159362912178039551
0.0092039685696363449096680
0.0091904783621430397033691
0.0091773374006152153015137
0.0091633722186088562011719
0.0091505488380789756774902
0.0091369012370705604553223
0.0091235162690281867980957
0.0091104982420802116394043
0.0090975509956479072570801
0.0090844798833131790161133
0.0090713826939463615417480
0.0090583637356758117675781
0.0090454258024692535400391
0.0090326722711324691772461
0.0090199029073119163513184
0.0090070180594921112060547
0.0089946324005722999572754
0.0089819310232996940612793
0.0089692221954464912414551
0.0089566102251410484313965
0.0089443046599626541137695
0.0089317914098501205444336
0.0089194867759943008422852
0.0089072873815894126892090
0.0088946772739291191101074
0.0088828047737479209899902
0.0088705224916338920593262
0.0088586723431944847106934
0.0088463081046938896179199
0.0088344858959317207336426
0.0088224681094288825988770
0.0088106822222471237182617
0.0087983841076493263244629
0.0087865330278873443603516
0.0087750274688005447387695
0.0087633347138762474060059
0.0087517770007252693176270
0.0087399249896407127380371
0.0087286457419395446777344
0.0087169660255312919616699
0.0087052118033170700073242
0.0086938207969069480895996
0.0086826868355274200439453
0.0086711561307311058044434
0.0086598861962556838989258
0.0086483294144272804260254
0.0086372597143054008483887
0.0086263483390212059020996
0.0086148194968700408935547
0.0086038969457149505615234
0.0085928039625287055969238
0.0085817649960517883300781
0.0085707809776067733764648
0.0085599673911929130554199
0.0085489870980381965637207
0.0085380664095282554626465
0.0085270935669541358947754
0.0085169812664389610290527
0.0085059106349945068359375
0.0084952469915151596069336
0.0084846541285514831542969
0.0084740156307816505432129
0.0084635633975267410278320
0.0084531856700778007507324
0.0084421867504715919494629
0.0084323091432452201843262
0.0084212301298975944519043
0.0084115117788314819335938
0.0084009412676095962524414
0.0083905700594186782836914
0.0083801634609699249267578
0.0083701964467763900756836
0.0083598438650369644165039
0.0083496980369091033935547
0.0083397598937153816223145
0.0083296764642000198364258
0.0083193276077508926391602
0.0083099100738763809204102
0.0082997512072324752807617
0.0082894470542669296264648
0.0082796020433306694030762
0.0082703400403261184692383
0.0082600926980376243591309
0.0082503110170364379882813
0.0082405107095837593078613
0.0082313036546111106872559
0.0082211066037416458129883
0.0082117505371570587158203
0.0082020154222846031188965
0.0081923892721533775329590
0.0081829996779561042785645
0.0081733530387282371520996
0.0081643173471093177795410
0.0081546548753976821899414
0.0081448592245578765869141
0.0081356819719076156616211
0.0081262495368719100952148
0.0081170657649636268615723
0.0081076268106698989868164
0.0080980602651834487915039
0.0080891232937574386596680
0.0080804424360394477844238
0.0080710025504231452941895
0.0080620730295777320861816
0.0080525120720267295837402
0.0080435900017619132995605
0.0080345477908849716186523
0.0080255111679434776306152
0.0080166105180978775024414
0.0080072041600942611694336
0.0079987086355686187744141
0.0079898359254002571105957
0.0079812351614236831665039
0.0079721277579665184020996
0.0079631619155406951904297
0.0079547315835952758789063
0.0079461876302957534790039
0.0079370038583874702453613
0.0079283621162176132202148
0.0079197371378540992736816
0.0079112630337476730346680
0.0079025449231266975402832
0.0078943772241473197937012
0.0078855678439140319824219
0.0078766457736492156982422
0.0078684138134121894836426
0.0078603401780128479003906
0.0078517561778426170349121
0.0078429300338029861450195
0.0078348014503717422485352
0.0078262956812977790832520
0.0078182239085435867309570
0.0078097763471305370330811
0.0078016291372478008270264
0.0077935135923326015472412
0.0077850213274359703063965
0.0077769709751009941101074
0.0077685429714620113372803
0.0077605606056749820709229
0.0077524762600660324096680
0.0077444277703762054443359
0.0077364165335893630981445
0.0077278888784348964691162
0.0077206459827721118927002
0.0077126119285821914672852
0.0077044782228767871856689
0.0076962448656558990478516
0.0076884715817868709564209
0.0076808813028037548065186
0.0076727741397917270660400
0.0076649906113743782043457
0.0076572527177631855010986
0.0076492778025567531585693
0.0076414896175265312194824
0.0076338909566402435302734
0.0076257716864347457885742
0.0076185544021427631378174
0.0076105315238237380981445
0.0076031298376619815826416
0.0075954934582114219665527
0.0075877648778259754180908
0.0075803762301802635192871
0.0075726080685853958129883
0.0075650382786989212036133
0.0075578121468424797058105
0.0075503522530198097229004
0.0075426581315696239471436
0.0075350198894739151000977
0.0075278761796653270721436
0.0075202067382633686065674
0.0075133279897272586822510
0.0075057763606309890747070
0.0074984324164688587188721
0.0074878190644085407257080
0.0074733640067279338836670
0.0074587180279195308685303
0.0074445544742047786712646
0.0074300593696534633636475
0.0074159088544547557830811
0.0074016577564179897308350
0.0073876879177987575531006
0.0073735495097935199737549
0.0073596267029643058776855
0.0073459246195852756500244
0.0073319119401276111602783
0.0073185907676815986633301
0.0073048886843025684356689
0.0072914264164865016937256
0.0072780544869601726531982
0.0072646988555788993835449
0.0072514405474066734313965
0.0072380490601062774658203
0.0072247614152729511260986
0.0072118220850825309753418
0.0071987588889896869659424
0.0071858931332826614379883
0.0071728290058672428131104
0.0071599707007408142089844
0.0071473224088549613952637
0.0071348091587424278259277
0.0071220267564058303833008
0.0071097943000495433807373
0.0070972987450659275054932
0.0070848697796463966369629
0.0070724282413721084594727
0.0070603913627564907073975
0.0070479335263371467590332
0.0070359720848500728607178
0.0070236772298812866210938
0.0070119719021022319793701
0.0069997687824070453643799
0.0069878264330327510833740
0.0069758961908519268035889
0.0069643207825720310211182
0.0069526792503893375396729
0.0069411438889801502227783
0.0069292024709284305572510
0.0069178901612758636474609
0.0069062612019479274749756
0.0068946634419262409210205
0.0068835350684821605682373
0.0068721827119588851928711
0.0068610464222729206085205
0.0068495129235088825225830
0.0068384641781449317932129
0.0068273758515715599060059
0.0068162488751113414764404
0.0068054427392780780792236
0.0067944247275590896606445
0.0067835543304681777954102
0.0067728348076343536376953
0.0067617278546094894409180
0.0067513193935155868530273
0.0067404359579086303710938
0.0067300782538950443267822
0.0067196125164628028869629
0.0067088566720485687255859
0.0066982689313590526580811
0.0066881310194730758666992
0.0066775218583643436431885
0.0066672759130597114562988
0.0066569317132234573364258
0.0066468641161918640136719
0.0066366083920001983642578
0.0066265412606298923492432
0.0066163833253085613250732
0.0066064181737601757049561
0.0065963659435510635375977
0.0065862266346812248229980
0.0065764789469540119171143
0.0065666483715176582336426
0.0065568331629037857055664
0.0065469378605484962463379
0.0065372525714337825775146
0.0065277828834950923919678
0.0065177516080439090728760
0.0065082302317023277282715
0.0064983433112502098083496
0.0064891693182289600372314
0.0064796330407261848449707
0.0064701265655457973480225
0.0064607523381710052490234
0.0064514125697314739227295
0.0064422087743878364562988
0.0064328443259000778198242
0.0064240200445055961608887
0.0064144358038902282714844
0.0064053959213197231292725
0.0063958973623812198638916
0.0063869496807456016540527
0.0063779493793845176696777
0.0063691008836030960083008
0.0063599990680813789367676
0.0063514616340398788452148
0.0063423649407923221588135
0.0063334270380437374114990
0.0063244435004889965057373
0.0063158296979963779449463
0.0063070706091821193695068
0.0062983734533190727233887
0.0062896371819078922271729
0.0062810718081891536712646
0.0062724687159061431884766
0.0062639354728162288665771
0.0062552616000175476074219
0.0062470831908285617828369
0.0062384488992393016815186
0.0062299957498908042907715
0.0062215127982199192047119
0.0062134289182722568511963
0.0062049962580204010009766
0.0061967526562511920928955
0.0061883758753538131713867
0.0061800824478268623352051
0.0061722006648778915405273
0.0061636450700461864471436
0.0061555043794214725494385
0.0061476719565689563751221
0.0061396025121212005615234
0.0061314068734645843505859
0.0061236349865794181823730
0.0061155185103416442871094
0.0061073871329426765441895
0.0060995751991868019104004
0.0060917520895600318908691
0.0060840304940938949584961
0.0060759643092751502990723
0.0060684494674205780029297
0.0060605909675359725952148
0.0060525005683302879333496
0.0060450821183621883392334
0.0060374331660568714141846
0.0060296682640910148620605
0.0060220137238502502441406
0.0060147014446556568145752
0.0060072750784456729888916
0.0059996210038661956787109
0.0059920838102698326110840
0.0059846639633178710937500
0.0059772492386400699615479
0.0059698382392525672912598
0.0059624337591230869293213
0.0059548029676079750061035
0.0059478795155882835388184
0.0059403814375400543212891
0.0059330095537006855010986
0.0059256469830870628356934
0.0059185326099395751953125
0.0059113120660185813903809
0.0059042242355644702911377
0.0058969128876924514770508
0.0058898543938994407653809
0.0058826934546232223510742
0.0058757881633937358856201
0.0058687822893261909484863
0.0058617950417101383209229
0.0058544659987092018127441
0.0058478810824453830718994
0.0058409566991031169891357
0.0058340546675026416778564
0.0058270539157092571258545
0.0058204429224133491516113
0.0058132470585405826568604
0.0058064432814717292785645
0.0057995435781776905059814
0.0057929167523980140686035
0.0057861958630383014678955
0.0057795047760009765625000
0.0057729678228497505187988
0.0057662138715386390686035
0.0057594911195337772369385
0.0057528014294803142547607
0.0057460190728306770324707
0.0057397726923227310180664
0.0057330592535436153411865
0.0057265069335699081420898
0.0057201180607080459594727
0.0057136407122015953063965
0.0057068206369876861572266
0.0057005472481250762939453
0.0056940596550703048706055
0.0056878672912716865539551
0.0056810774840414524078369
0.0056748413480818271636963
0.0056685199961066246032715
0.0056621134281158447265625
0.0056561389937996864318848
0.0056495633907616138458252
0.0056435517035424709320068
0.0056370678357779979705811
0.0056308908388018608093262
0.0056248931214213371276855
0.0056186830624938011169434
0.0056123915128409862518311
0.0056062815710902214050293
0.0056000906042754650115967
0.0055940840393304824829102
0.0055878646671772003173828
0.0055819642730057239532471
0.0055757197551429271697998
0.0055697951465845108032227
0.0055639264173805713653564
0.0055581144988536834716797
0.0055520925670862197875977
0.0055459928698837757110596
0.0055400859564542770385742
0.0055342377163469791412354
0.0055283145047724246978760
0.0055225868709385395050049
0.0055165132507681846618652
0.0055109090171754360198975
0.0055048223584890365600586
0.0054993443191051483154297
0.0054932469502091407775879
0.0054876240901648998260498
0.0054817921482026576995850
0.0054761627689003944396973
0.0054703243076801300048828
0.0054645524360239505767822
0.0054592639207839965820313
0.0054534897208213806152344
0.0054477839730679988861084
0.0054421471431851387023926
0.0054365810938179492950439
0.0054310862906277179718018
0.0054256631992757320404053
0.0054197497665882110595703
0.0054143313318490982055664
0.0054088458418846130371094
0.0054035754874348640441895
0.0053978138603270053863525
0.0053925528191030025482178
0.0053870836272835731506348
0.0053812633268535137176514
0.0053763762116432189941406
0.0053708534687757492065430
0.0053655514493584632873535
0.0053601856343448162078857
0.0053546112030744552612305
0.0053495494648814201354980
0.0053439908660948276519775
0.0053386576473712921142578
0.0053334068506956100463867
0.0053279479034245014190674
0.0053231543861329555511475
0.0053177163936197757720947
0.0053126551210880279541016
0.0053072390146553516387939
0.0053023495711386203765869
0.0052945544011890888214111
0.0052843471057713031768799
0.0052740480750799179077148
0.0052639581263065338134766
0.0052537829615175724029541
0.0052438247948884963989258
0.0052338615059852600097656
0.0052237459458410739898682
0.0052140103653073310852051
0.0052040508016943931579590
0.0051943273283541202545166
0.0051845372654497623443604
0.0051749139092862606048584
0.0051653068512678146362305
0.0051557957194745540618896
0.0051464634016156196594238
0.0051369215361773967742920
0.0051273275166749954223633
0.0051179989241063594818115
0.0051087820902466773986816
0.0050994423218071460723877
0.0050903796218335628509521
0.0050811180844902992248535
0.0050720600411295890808105
0.0050629675388336181640625
0.0050540044903755187988281
0.0050451746210455894470215
0.0050361542962491512298584
0.0050271898508071899414063
0.0050184479914605617523193
0.0050098500214517116546631
0.0050009866245090961456299
0.0049924370832741260528564
0.0049836244434118270874023
0.0049752155318856239318848
0.0049665467813611030578613
0.0049581211060285568237305
0.0049496055580675601959229
0.0049411705695092678070068
0.0049327332526445388793945
0.0049244659021496772766113
0.0049162870272994041442871
0.0049080266617238521575928
0.0048998584970831871032715
0.0048916130326688289642334
0.0048835491761565208435059
0.0048752375878393650054932
0.0048672868870198726654053
0.0048592649400234222412109
0.0048513486981391906738281
0.0048434520140290260314941
0.0048354882746934890747070
0.0048278132453560829162598
0.0048201647587120532989502
0.0048120976425707340240479
0.0048043257556855678558350
0.0047967638820409774780273
0.0047891442663967609405518
0.0047814687713980674743652
0.0047739194706082344055176
0.0047664074227213859558105
0.0047586159780621528625488
0.0047513209283351898193359
0.0047440235503017902374268
0.0047365869395434856414795
0.0047291498631238937377930
0.0047216210514307022094727
0.0047143725678324699401855
0.0047071753069758415222168
0.0046999370679259300231934
0.0046927528455853462219238
0.0046856245025992393493652
0.0046784589067101478576660
0.0046713519841432571411133
0.0046642106026411056518555
0.0046571306884288787841797
0.0046503054909408092498779
0.0046433540992438793182373
0.0046363733708858489990234
0.0046294606290757656097412
0.0046225204132497310638428
0.0046156994067132472991943
0.0046087079681456089019775
0.0046019842848181724548340
0.0045952391810715198516846
0.0045886687003076076507568
0.0045816861093044281005859
0.0045752744190394878387451
0.0045684506185352802276611
0.0045617581345140933990479
0.0045552491210401058197021
0.0045487754978239536285400
0.0045422399416565895080566
0.0045356913469731807708740
0.0045291818678379058837891
0.0045227129012346267700195
0.0045163361355662345886230
0.0045099514536559581756592
0.0045035090297460556030273
0.0044973162002861499786377
0.0044909655116498470306396
0.0044846110977232456207275
0.0044783051125705242156982
0.0044721523299813270568848
0.0044658957049250602722168
0.0044597433879971504211426
0.0044536436907947063446045
0.0044473386369645595550537
0.0044414023868739604949951
0.0044352612458169460296631
0.0044293361715972423553467
0.0044231540523469448089600
0.0044172429479658603668213
0.0044112340547144412994385
0.0044053411111235618591309
0.0043991920538246631622314
0.0043932665139436721801758
0.0043875137344002723693848
0.0043816673569381237030029
0.0043758885003626346588135
0.0043699624948203563690186
0.0043643228709697723388672
0.0043584830127656459808350
0.0043526059016585350036621
0.0043469103984534740447998
0.0043413434177637100219727
0.0043355780653655529022217
0.0043299430981278419494629
0.0043241647072136402130127
0.0043186298571527004241943
0.0043131741695106029510498
0.0043074097484350204467773
0.0043019484728574752807617
0.0042964019812643527984619
0.0042908824980258941650391
0.0042853904888033866882324
0.0042799836955964565277100
0.0042744935490190982818604
0.0042690332047641277313232
0.0042635467834770679473877
0.0042584906332194805145264
0.0042529553174972534179688
0.0042476234957575798034668
0.0042423270642757415771484
0.0042370078153908252716064
0.0042317816987633705139160
0.0042265928350389003753662
0.0042210933752357959747314
0.0042161545716226100921631
0.0042106150649487972259521
0.0042057558894157409667969
0.0042004706338047981262207
0.0041952850297093391418457
0.0041900817304849624633789
0.0041850982233881950378418
0.0041799219325184822082520
0.0041748490184545516967773
0.0041698799468576908111572
0.0041648382321000099182129
0.0041596638038754463195801
0.0041549550369381904602051
0.0041498756036162376403809
0.0041447235271334648132324
0.0041398010216653347015381
0.0041351700201630592346191
0.0041300463490188121795654
0.0041251555085182189941406
0.0041202553547918796539307
0.0041156518273055553436279
0.0041105533018708229064941
0.0041058752685785293579102
0.0041010077111423015594482
0.0040961946360766887664795
0.0040914998389780521392822
0.0040866765193641185760498
0.0040821586735546588897705
0.0040773274376988410949707
0.0040724296122789382934570
0.0040678409859538078308105
0.0040631247684359550476074
0.0040585328824818134307861
0.0040538134053349494934082
0.0040490301325917243957520
0.0040445616468787193298340
0.0040402212180197238922119
0.0040355012752115726470947
0.0040310365147888660430908
0.0040262560360133647918701
0.0040217950008809566497803
0.0040172738954424858093262
0.0040127555839717388153076
0.0040083052590489387512207
0.0040036020800471305847168
0.0039993543177843093872070
0.0039949179627001285552979
0.0039906175807118415832520
0.0039860638789832592010498
0.0039815809577703475952148
0.0039773657917976379394531
0.0039730938151478767395020
0.0039685019291937351226807
0.0039641810581088066101074
0.0039598685689270496368408
0.0039556315168738365173340
0.0039512724615633487701416
0.0039471886120736598968506
0.0039427839219570159912109
0.0039383228868246078491211
0.0039342069067060947418213
0.0039301700890064239501953
0.0039258780889213085174561
0.0039214650169014930725098
0.0039174007251858711242676
0.0039131478406488895416260
0.0039091119542717933654785
0.0039048881735652685165405
0.0039008145686239004135132
0.0038967567961663007736206
0.0038925106637179851531982
0.0038884854875504970550537
0.0038842714857310056686401
0.0038802803028374910354614
0.0038762381300330162048340
0.0038722138851881027221680
0.0038682082667946815490723
0.0038639444392174482345581
0.0038603229913860559463501
0.0038563059642910957336426
0.0038522391114383935928345
0.0038481224328279495239258
0.0038442357908934354782104
0.0038404406514018774032593
0.0038363870698958635330200
0.0038324953056871891021729
0.0038286263588815927505493
0.0038246389012783765792847
0.0038207448087632656097412
0.0038169454783201217651367
0.0038128858432173728942871
0.0038092772010713815689087
0.0038052657619118690490723
0.0038015649188309907913208
0.0037977467291057109832764
0.0037938824389129877090454
0.0037901881150901317596436
0.0037863040342926979064941
0.0037825191393494606018066
0.0037789060734212398529053
0.0037751761265099048614502
0.0037713290657848119735718
0.0037675099447369575500488
0.0037639380898326635360718
0.0037601033691316843032837
0.0037566639948636293411255
0.0037528881803154945373535
0.0037492162082344293594360
0.0037439095322042703628540
0.0037366820033639669418335
0.0037293590139597654342651
0.0037222772371023893356323
0.0037150296848267316818237
0.0037079544272273778915405
0.0037008288782089948654175
0.0036938439588993787765503
0.0036867747548967599868774
0.0036798133514821529388428
0.0036729623097926378250122
0.0036659559700638055801392
0.0036592953838407993316650
0.0036524443421512842178345
0.0036457132082432508468628
0.0036390272434800863265991
0.0036323494277894496917725
0.0036257202737033367156982
0.0036190245300531387329102
0.0036123807076364755630493
0.0036059110425412654876709
0.0035993794444948434829712
0.0035929465666413307189941
0.0035864145029336214065552
0.0035799853503704071044922
0.0035736612044274806976318
0.0035674045793712139129639
0.0035610133782029151916504
0.0035548971500247716903687
0.0035486493725329637527466
0.0035424348898231983184814
0.0035362141206860542297363
0.0035301956813782453536987
0.0035239667631685733795166
0.0035179860424250364303589
0.0035118386149406433105469
0.0035059859510511159896851
0.0034998843912035226821899
0.0034939132165163755416870
0.0034879480954259634017944
0.0034821603912860155105591
0.0034763396251946687698364
0.0034705719444900751113892
0.0034646012354642152786255
0.0034589450806379318237305
0.0034531306009739637374878
0.0034473317209631204605103
0.0034417675342410802841187
0.0034360913559794425964355
0.0034305232111364603042603
0.0034247564617544412612915
0.0034192320890724658966064
0.0034136879257857799530029
0.0034081244375556707382202
0.0034027213696390390396118
0.0033972123637795448303223
0.0033917771652340888977051
0.0033864174038171768188477
0.0033808639273047447204590
0.0033756596967577934265137
0.0033702179789543151855469
0.0033650391269475221633911
0.0033598062582314014434814
0.0033544283360242843627930
0.0033491344656795263290405
0.0033440655097365379333496
0.0033387609291821718215942
0.0033336379565298557281494
0.0033284658566117286682129
0.0033234320580959320068359
0.0033183041960000991821289
0.0033132706303149461746216
0.0033081916626542806625366
0.0033032090868800878524780
0.0032981829717755317687988
0.0032931133173406124114990
0.0032882394734770059585571
0.0032833241857588291168213
0.0032784165814518928527832
0.0032734689302742481231689
0.0032686262857168912887573
0.0032638914417475461959839
0.0032588758040219545364380
0.0032541151158511638641357
0.0032491716556251049041748
0.0032445846591144800186157
0.0032398165203630924224854
0.0032350632827728986740112
0.0032303761690855026245117
0.0032257062848657369613647
0.0032211043871939182281494
0.0032164221629500389099121
0.0032120100222527980804443
0.0032072179019451141357422
0.0032026979606598615646362
0.0031979486811906099319458
0.0031934748403728008270264
0.0031889746896922588348389
0.0031845504418015480041504
0.0031799995340406894683838
0.0031757308170199394226074
0.0031711824703961610794067
0.0031667135190218687057495
0.0031622217502444982528687
0.0031579148489981889724731
0.0031535353045910596847534
0.0031491867266595363616943
0.0031448185909539461135864
0.0031405359040945768356323
0.0031362343579530715942383
0.0031319677364081144332886
0.0031276308000087738037109
0.0031235415954142808914185
0.0031192244496196508407593
0.0031149978749454021453857
0.0031107563991099596023560
0.0031067144591361284255981
0.0031024981290102005004883
0.0030983763281255960464478
0.0030941879376769065856934
0.0030900412239134311676025
0.0030861003324389457702637
0.0030818225350230932235718
0.0030777521897107362747192
0.0030738359782844781875610
0.0030698012560606002807617
0.0030657034367322921752930
0.0030618174932897090911865
0.0030577592551708221435547
0.0030536935664713382720947
0.0030497875995934009552002
0.0030458760447800159454346
0.0030420152470469474792480
0.0030379821546375751495361
0.0030342247337102890014648
0.0030302954837679862976074
0.0030262502841651439666748
0.0030225410591810941696167
0.0030187165830284357070923
0.0030148341320455074310303
0.0030110068619251251220703
0.0030073507223278284072876
0.0030036375392228364944458
0.0029998105019330978393555
0.0029960419051349163055420
0.0029923319816589355468750
0.0029886246193200349807739
0.0029849191196262836456299
0.0029812168795615434646606
0.0029774014838039875030518
0.0029739397577941417694092
0.0029701907187700271606445
0.0029665047768503427505493
0.0029628234915435314178467
0.0029592663049697875976563
0.0029556560330092906951904
0.0029521121177822351455688
0.0029484564438462257385254
0.0029449271969497203826904
0.0029413467273116111755371
0.0029378940816968679428101
0.0029343911446630954742432
0.0029308975208550691604614
0.0029272329993546009063721
0.0029239405412226915359497
0.0029204783495515584945679
0.0029170273337513208389282
0.0029135269578546285629272
0.0029102214612066745758057
0.0029066235292702913284302
0.0029032216407358646392822
0.0028997717890888452529907
0.0028964583761990070343018
0.0028930979315191507339478
0.0028897523880004882812500
0.0028864839114248752593994
0.0028831069357693195343018
0.0028797455597668886184692
0.0028764007147401571273804
0.0028730095364153385162354
0.0028698863461613655090332
0.0028665296267718076705933
0.0028632534667849540710449
0.0028600590303540229797363
0.0028568203561007976531982
0.0028534103184938430786133
0.0028502736240625381469727
0.0028470298275351524353027
0.0028439336456358432769775
0.0028405387420207262039185
0.0028374206740409135818481
0.0028342599980533123016357
0.0028310567140579223632813
0.0028280694968998432159424
0.0028247816953808069229126
0.0028217758517712354660034
0.0028185339178889989852905
0.0028154454194009304046631
0.0028124465607106685638428
0.0028093415312469005584717
0.0028061957564204931259155
0.0028031407855451107025146
0.0028000453021377325057983
0.0027970420196652412414551
0.0027939323335886001586914
0.0027909821365028619766235
0.0027878598775714635848999
0.0027848975732922554016113
0.0027819632086902856826782
0.0027790572494268417358398
0.0027760462835431098937988
0.0027729964349418878555298
0.0027700429782271385192871
0.0027671188581734895706177
0.0027641572523862123489380
0.0027612934354692697525024
0.0027582566253840923309326
0.0027554545085877180099487
0.0027524111792445182800293
0.0027496721595525741577148
0.0027466234751045703887939
0.0027438120450824499130249
0.0027408960741013288497925
0.0027380813844501972198486
0.0027351621538400650024414
0.0027322762180119752883911
0.0027296319603919982910156
0.0027267448604106903076172
0.0027238919865339994430542
0.0027210735715925693511963
0.0027182905469089746475220
0.0027155431453138589859009
0.0027128315996378660202026
0.0027098748832941055297852
0.0027071656659245491027832
0.0027044229209423065185547
0.0027017877437174320220947
0.0026989069301635026931763
0.0026962764095515012741089
0.0026935418136417865753174
0.0026906316634267568588257
0.0026881881058216094970703
0.0026854267343878746032715
0.0026827757246792316436768
0.0026800928171724081039429
0.0026773056015372276306152
0.0026747747324407100677490
0.0026719954330474138259888
0.0026693288236856460571289
0.0026667034253478050231934
0.0026639739517122507095337
0.0026615771930664777755737
0.0026588581968098878860474
0.0026563275605440139770508
0.0026536195073276758193970
0.0026511747855693101882935
