3326820352.0000000000000000000000000
3250019840.0000000000000000000000000
3175288320.0000000000000000000000000
3102576128.0000000000000000000000000
3031775488.0000000000000000000000000
2962848768.0000000000000000000000000
2895741696.0000000000000000000000000
2830409728.0000000000000000000000000
2766816768.0000000000000000000000000
2704832000.0000000000000000000000000
2644490752.0000000000000000000000000
2585727488.0000000000000000000000000
2528475904.0000000000000000000000000
2472662784.0000000000000000000000000
2418320128.0000000000000000000000000
2365357568.0000000000000000000000000
2313746944.0000000000000000000000000
2263426816.0000000000000000000000000
2214411264.0000000000000000000000000
2166582784.0000000000000000000000000
2120003072.0000000000000000000000000
2074558080.0000000000000000000000000
2030247936.0000000000000000000000000
1987045120.0000000000000000000000000
1944904320.0000000000000000000000000
1903812864.0000000000000000000000000
1863735936.0000000000000000000000000
1824614784.0000000000000000000000000
1786463104.0000000000000000000000000
1749243904.0000000000000000000000000
1712913536.0000000000000000000000000
1677478912.0000000000000000000000000
1642884096.0000000000000000000000000
1609112192.0000000000000000000000000
1576163328.0000000000000000000000000
1543976704.0000000000000000000000000
1512583168.0000000000000000000000000
1481900800.0000000000000000000000000
1451974272.0000000000000000000000000
1422717568.0000000000000000000000000
1394180864.0000000000000000000000000
1366294400.0000000000000000000000000
1339043456.0000000000000000000000000
1312442624.0000000000000000000000000
1286450048.0000000000000000000000000
1261035136.0000000000000000000000000
1236238720.0000000000000000000000000
1211981696.0000000000000000000000000
1188301440.0000000000000000000000000
1165148416.0000000000000000000000000
1142523136.0000000000000000000000000
1120402432.0000000000000000000000000
1098792704.0000000000000000000000000
1077648896.0000000000000000000000000
1056995264.0000000000000000000000000
1036788864.0000000000000000000000000
1017041856.0000000000000000000000000
997716544.0000000000000000000000000
978824832.0000000000000000000000000
960365888.0000000000000000000000000
942291968.0000000000000000000000000
924626944.0000000000000000000000000
907338176.0000000000000000000000000
890433600.0000000000000000000000000
873889408.0000000000000000000000000
857710208.0000000000000000000000000
841868800.0000000000000000000000000
826366144.0000000000000000000000000
811200064.0000000000000000000000000
796358528.0000000000000000000000000
781826304.0000000000000000000000000
767616896.0000000000000000000000000
753698496.0000000000000000000000000
740074688.0000000000000000000000000
726736128.0000000000000000000000000
713679552.0000000000000000000000000
700893760.0000000000000000000000000
688376960.0000000000000000000000000
676119232.0000000000000000000000000
664117120.0000000000000000000000000
652363520.0000000000000000000000000
640846656.0000000000000000000000000
629570752.0000000000000000000000000
618520448.0000000000000000000000000
607699968.0000000000000000000000000
597103616.0000000000000000000000000
586710400.0000000000000000000000000
576539584.0000000000000000000000000
566564928.0000000000000000000000000
556795456.0000000000000000000000000
547219904.0000000000000000000000000
537837120.0000000000000000000000000
528645920.0000000000000000000000000
519632896.0000000000000000000000000
510798304.0000000000000000000000000
502137376.0000000000000000000000000
493648608.0000000000000000000000000
485330432.0000000000000000000000000
477170752.0000000000000000000000000
469173152.0000000000000000000000000
461334176.0000000000000000000000000
453637952.0000000000000000000000000
446100288.0000000000000000000000000
438701600.0000000000000000000000000
431452352.0000000000000000000000000
424341760.0000000000000000000000000
417364064.0000000000000000000000000
410519104.0000000000000000000000000
403804704.0000000000000000000000000
397218656.0000000000000000000000000
390766016.0000000000000000000000000
384422816.0000000000000000000000000
378210304.0000000000000000000000000
372105184.0000000000000000000000000
366123392.0000000000000000000000000
360244128.0000000000000000000000000
354479616.0000000000000000000000000
348826464.0000000000000000000000000
343272896.0000000000000000000000000
337823712.0000000000000000000000000
332472576.0000000000000000000000000
327224320.0000000000000000000000000
322068704.0000000000000000000000000
317012480.0000000000000000000000000
312042464.0000000000000000000000000
307165312.0000000000000000000000000
302375360.0000000000000000000000000
297676384.0000000000000000000000000
293061760.0000000000000000000000000
288527520.0000000000000000000000000
284078368.0000000000000000000000000
279708512.0000000000000000000000000
275414912.0000000000000000000000000
271199296.0000000000000000000000000
267055792.0000000000000000000000000
262991840.0000000000000000000000000
258995680.0000000000000000000000000
255069968.0000000000000000000000000
251215376.0000000000000000000000000
247427792.0000000000000000000000000
243704912.0000000000000000000000000
240046480.0000000000000000000000000
236458960.0000000000000000000000000
232927360.0000000000000000000000000
229459136.0000000000000000000000000
226049952.0000000000000000000000000
222700416.0000000000000000000000000
219408112.0000000000000000000000000
216174640.0000000000000000000000000
212993568.0000000000000000000000000
209868416.0000000000000000000000000
206798736.0000000000000000000000000
203778000.0000000000000000000000000
200810736.0000000000000000000000000
197891408.0000000000000000000000000
195023504.0000000000000000000000000
192203488.0000000000000000000000000
189432288.0000000000000000000000000
186706320.0000000000000000000000000
184023968.0000000000000000000000000
181390288.0000000000000000000000000
178799008.0000000000000000000000000
176250048.0000000000000000000000000
173744864.0000000000000000000000000
171280192.0000000000000000000000000
168854912.0000000000000000000000000
166470928.0000000000000000000000000
164126048.0000000000000000000000000
161818512.0000000000000000000000000
159549744.0000000000000000000000000
157318016.0000000000000000000000000
155122592.0000000000000000000000000
152962768.0000000000000000000000000
150838352.0000000000000000000000000
148748080.0000000000000000000000000
146691728.0000000000000000000000000
144668544.0000000000000000000000000
142677760.0000000000000000000000000
140718096.0000000000000000000000000
138790352.0000000000000000000000000
136892672.0000000000000000000000000
135025328.0000000000000000000000000
133188064.0000000000000000000000000
131380616.0000000000000000000000000
129599992.0000000000000000000000000
127848600.0000000000000000000000000
126123992.0000000000000000000000000
124427504.0000000000000000000000000
122758280.0000000000000000000000000
121113832.0000000000000000000000000
119494928.0000000000000000000000000
117900136.0000000000000000000000000
116333000.0000000000000000000000000
114787672.0000000000000000000000000
113267656.0000000000000000000000000
111770416.0000000000000000000000000
110295032.0000000000000000000000000
108844488.0000000000000000000000000
107414520.0000000000000000000000000
106008696.0000000000000000000000000
104622128.0000000000000000000000000
103256712.0000000000000000000000000
101913176.0000000000000000000000000
100590024.0000000000000000000000000
99286280.0000000000000000000000000
98002128.0000000000000000000000000
96737168.0000000000000000000000000
95490696.0000000000000000000000000
94264320.0000000000000000000000000
93056192.0000000000000000000000000
91865608.0000000000000000000000000
90692144.0000000000000000000000000
89537104.0000000000000000000000000
88398032.0000000000000000000000000
87276528.0000000000000000000000000
86171560.0000000000000000000000000
85084160.0000000000000000000000000
84010952.0000000000000000000000000
82953544.0000000000000000000000000
81912936.0000000000000000000000000
80886032.0000000000000000000000000
79875608.0000000000000000000000000
78877664.0000000000000000000000000
77896448.0000000000000000000000000
76928840.0000000000000000000000000
75974944.0000000000000000000000000
75035184.0000000000000000000000000
74109672.0000000000000000000000000
73194936.0000000000000000000000000
72294664.0000000000000000000000000
71408384.0000000000000000000000000
70533184.0000000000000000000000000
69671280.0000000000000000000000000
68822160.0000000000000000000000000
67983528.0000000000000000000000000
67158496.0000000000000000000000000
66344732.0000000000000000000000000
65542036.0000000000000000000000000
64750188.0000000000000000000000000
63969888.0000000000000000000000000
63200004.0000000000000000000000000
62442772.0000000000000000000000000
61694600.0000000000000000000000000
60956788.0000000000000000000000000
60229740.0000000000000000000000000
59512600.0000000000000000000000000
58805456.0000000000000000000000000
58108704.0000000000000000000000000
57420852.0000000000000000000000000
56742612.0000000000000000000000000
56073112.0000000000000000000000000
55413680.0000000000000000000000000
54762508.0000000000000000000000000
54121244.0000000000000000000000000
53487112.0000000000000000000000000
52863344.0000000000000000000000000
51981568.0000000000000000000000000
50781560.0000000000000000000000000
49613880.0000000000000000000000000
48477752.0000000000000000000000000
47371492.0000000000000000000000000
46294512.0000000000000000000000000
45245964.0000000000000000000000000
44225152.0000000000000000000000000
43231512.0000000000000000000000000
42263000.0000000000000000000000000
41320168.0000000000000000000000000
40401992.0000000000000000000000000
39507436.0000000000000000000000000
38635356.0000000000000000000000000
37786252.0000000000000000000000000
36958712.0000000000000000000000000
36152296.0000000000000000000000000
35366044.0000000000000000000000000
34600176.0000000000000000000000000
33852856.0000000000000000000000000
33125048.0000000000000000000000000
32414970.0000000000000000000000000
31722624.0000000000000000000000000
31047580.0000000000000000000000000
30389130.0000000000000000000000000
29747076.0000000000000000000000000
29120874.0000000000000000000000000
28509606.0000000000000000000000000
27913486.0000000000000000000000000
27331936.0000000000000000000000000
26764274.0000000000000000000000000
26210608.0000000000000000000000000
25670064.0000000000000000000000000
25142378.0000000000000000000000000
24627552.0000000000000000000000000
24124636.0000000000000000000000000
23634112.0000000000000000000000000
23154700.0000000000000000000000000
22687098.0000000000000000000000000
22229962.0000000000000000000000000
21784076.0000000000000000000000000
21348350.0000000000000000000000000
20922554.0000000000000000000000000
20506916.0000000000000000000000000
20100782.0000000000000000000000000
19703674.0000000000000000000000000
19316230.0000000000000000000000000
18937214.0000000000000000000000000
18567210.0000000000000000000000000
18205444.0000000000000000000000000
17851924.0000000000000000000000000
17506288.0000000000000000000000000
17168636.0000000000000000000000000
16838264.0000000000000000000000000
16515551.0000000000000000000000000
16199826.0000000000000000000000000
15891279.0000000000000000000000000
15589321.0000000000000000000000000
15294138.0000000000000000000000000
15005717.0000000000000000000000000
14723312.0000000000000000000000000
14447296.0000000000000000000000000
14177159.0000000000000000000000000
13913025.0000000000000000000000000
13654522.0000000000000000000000000
13401722.0000000000000000000000000
13154200.0000000000000000000000000
12911971.0000000000000000000000000
12675001.0000000000000000000000000
12443102.0000000000000000000000000
12216036.0000000000000000000000000
11994014.0000000000000000000000000
11776539.0000000000000000000000000
11563667.0000000000000000000000000
11355252.0000000000000000000000000
11151243.0000000000000000000000000
10951465.0000000000000000000000000
10755890.0000000000000000000000000
10564363.0000000000000000000000000
10376830.0000000000000000000000000
10193180.0000000000000000000000000
10013229.0000000000000000000000000
9837043.0000000000000000000000000
9664382.0000000000000000000000000
9495312.0000000000000000000000000
9329744.0000000000000000000000000
9167350.0000000000000000000000000
9008431.0000000000000000000000000
8852577.0000000000000000000000000
8699929.0000000000000000000000000
8550311.0000000000000000000000000
8403705.0000000000000000000000000
8260092.5000000000000000000000000
8119264.0000000000000000000000000
7981223.5000000000000000000000000
7845896.5000000000000000000000000
7713259.5000000000000000000000000
7583288.0000000000000000000000000
7455793.0000000000000000000000000
7330830.5000000000000000000000000
7208346.5000000000000000000000000
7088093.0000000000000000000000000
6970317.0000000000000000000000000
6854712.5000000000000000000000000
6741443.0000000000000000000000000
6630340.0000000000000000000000000
6521313.5000000000000000000000000
6414361.0000000000000000000000000
6309448.5000000000000000000000000
6206541.5000000000000000000000000
6105719.0000000000000000000000000
6006606.5000000000000000000000000
5909536.0000000000000000000000000
5814143.5000000000000000000000000
5720678.0000000000000000000000000
5628814.5000000000000000000000000
5538744.0000000000000000000000000
5450413.5000000000000000000000000
5363639.0000000000000000000000000
5278495.5000000000000000000000000
5194884.0000000000000000000000000
5112880.0000000000000000000000000
5032323.5000000000000000000000000
4953320.0000000000000000000000000
4875663.5000000000000000000000000
4799458.0000000000000000000000000
4724615.0000000000000000000000000
4651193.5000000000000000000000000
4579090.0000000000000000000000000
4508242.5000000000000000000000000
4438724.5000000000000000000000000
4370445.5000000000000000000000000
4303358.0000000000000000000000000
4237489.0000000000000000000000000
4172746.7500000000000000000000000
4109247.5000000000000000000000000
4046807.5000000000000000000000000
3985468.2500000000000000000000000
3925240.2500000000000000000000000
3866059.2500000000000000000000000
3807889.2500000000000000000000000
3750726.2500000000000000000000000
3694671.2500000000000000000000000
3639490.0000000000000000000000000
3585299.0000000000000000000000000
3532030.5000000000000000000000000
3479694.0000000000000000000000000
3428251.7500000000000000000000000
3377728.7500000000000000000000000
3328024.5000000000000000000000000
3279194.0000000000000000000000000
3231230.2500000000000000000000000
3184031.2500000000000000000000000
3137667.7500000000000000000000000
3092053.2500000000000000000000000
3047242.2500000000000000000000000
3003179.5000000000000000000000000
2959879.5000000000000000000000000
2917286.2500000000000000000000000
2875374.5000000000000000000000000
2834223.2500000000000000000000000
2793734.5000000000000000000000000
2753907.0000000000000000000000000
2714763.5000000000000000000000000
2676253.0000000000000000000000000
2638358.0000000000000000000000000
2601108.2500000000000000000000000
2564469.5000000000000000000000000
2528414.2500000000000000000000000
2492964.7500000000000000000000000
2458094.0000000000000000000000000
2423790.5000000000000000000000000
2390043.2500000000000000000000000
2356849.2500000000000000000000000
2324188.7500000000000000000000000
2292058.2500000000000000000000000
2260446.0000000000000000000000000
2229340.0000000000000000000000000
2198720.2500000000000000000000000
2168599.2500000000000000000000000
2138948.0000000000000000000000000
2109770.7500000000000000000000000
2081063.5000000000000000000000000
2052822.1250000000000000000000000
2024999.8750000000000000000000000
1997634.3750000000000000000000000
1970687.3750000000000000000000000
1944179.7500000000000000000000000
1918098.1250000000000000000000000
1892403.6250000000000000000000000
1867108.2500000000000000000000000
1842189.6250000000000000000000000
1817703.1250000000000000000000000
1793557.3750000000000000000000000
1769807.1250000000000000000000000
1746412.7500000000000000000000000
1723359.8750000000000000000000000
1700695.1250000000000000000000000
1678351.8750000000000000000000000
1656385.8750000000000000000000000
1634720.7500000000000000000000000
1613386.1250000000000000000000000
1592393.3750000000000000000000000
1571719.1250000000000000000000000
1551348.1250000000000000000000000
1531283.2500000000000000000000000
1511518.2500000000000000000000000
1492042.1250000000000000000000000
1472880.0000000000000000000000000
1454003.0000000000000000000000000
1435400.1250000000000000000000000
1417064.7500000000000000000000000
1399017.2500000000000000000000000
1381219.2500000000000000000000000
1363695.7500000000000000000000000
1346430.6250000000000000000000000
1329440.0000000000000000000000000
1312671.1250000000000000000000000
1296149.1250000000000000000000000
1279889.6250000000000000000000000
1263844.2500000000000000000000000
1248056.3750000000000000000000000
1232463.5000000000000000000000000
1217132.0000000000000000000000000
1202013.1250000000000000000000000
1187108.5000000000000000000000000
1172424.7500000000000000000000000
1157963.6250000000000000000000000
1143670.8750000000000000000000000
1129604.1250000000000000000000000
1115756.0000000000000000000000000
1102081.0000000000000000000000000
1088613.7500000000000000000000000
1075346.2500000000000000000000000
1062242.6250000000000000000000000
1049351.5000000000000000000000000
1036636.4375000000000000000000000
1024094.3125000000000000000000000
1011721.6875000000000000000000000
999529.5000000000000000000000000
987500.0625000000000000000000000
975668.3125000000000000000000000
963978.1250000000000000000000000
952449.8125000000000000000000000
941089.6875000000000000000000000
929884.3750000000000000000000000
918835.2500000000000000000000000
907948.5000000000000000000000000
897200.8125000000000000000000000
886603.3125000000000000000000000
876142.3750000000000000000000000
865838.7500000000000000000000000
855664.1875000000000000000000000
845644.4375000000000000000000000
835736.1250000000000000000000000
825989.7500000000000000000000000
812212.0000000000000000000000000
793461.8750000000000000000000000
775216.8750000000000000000000000
757464.8750000000000000000000000
740179.5625000000000000000000000
723351.7500000000000000000000000
706968.1875000000000000000000000
691018.0000000000000000000000000
675492.3750000000000000000000000
660359.3750000000000000000000000
645627.6250000000000000000000000
631281.1250000000000000000000000
617303.6875000000000000000000000
603677.4375000000000000000000000
590410.1875000000000000000000000
577479.8750000000000000000000000
564879.6250000000000000000000000
552594.4375000000000000000000000
540627.7500000000000000000000000
528950.8750000000000000000000000
517578.8750000000000000000000000
506483.9062500000000000000000000
495666.0000000000000000000000000
485118.4375000000000000000000000
474830.1562500000000000000000000
464798.0625000000000000000000000
455013.6562500000000000000000000
445462.5937500000000000000000000
436148.2187500000000000000000000
427061.5000000000000000000000000
418191.7812500000000000000000000
409540.7500000000000000000000000
401094.7500000000000000000000000
392849.6562500000000000000000000
384805.5000000000000000000000000
376947.4375000000000000000000000
369283.0000000000000000000000000
361792.1875000000000000000000000
354485.9062500000000000000000000
347343.1562500000000000000000000
340376.1875000000000000000000000
333567.9687500000000000000000000
326914.9062500000000000000000000
320420.5625000000000000000000000
314074.7187500000000000000000000
307869.9062500000000000000000000
301816.0937500000000000000000000
295893.9687500000000000000000000
290112.6562500000000000000000000
284460.0625000000000000000000000
278936.3125000000000000000000000
273535.7500000000000000000000000
268259.9375000000000000000000000
263097.8750000000000000000000000
258055.4843750000000000000000000
253122.2812500000000000000000000
248301.2343750000000000000000000
243583.1406250000000000000000000
238970.9062500000000000000000000
234464.3281250000000000000000000
230051.7500000000000000000000000
225739.0000000000000000000000000
221518.1093750000000000000000000
217391.0156250000000000000000000
213351.9062500000000000000000000
209401.9062500000000000000000000
205534.3750000000000000000000000
201749.5468750000000000000000000
198046.8906250000000000000000000
194423.4687500000000000000000000
190875.5625000000000000000000000
187406.4687500000000000000000000
184008.4218750000000000000000000
180682.2968750000000000000000000
177425.8125000000000000000000000
174238.1718750000000000000000000
171116.6406250000000000000000000
168060.7812500000000000000000000
165068.1718750000000000000000000
162137.9687500000000000000000000
159268.4375000000000000000000000
156456.7031250000000000000000000
153703.7968750000000000000000000
151005.9687500000000000000000000
148364.2500000000000000000000000
145777.2500000000000000000000000
143239.8437500000000000000000000
140756.7343750000000000000000000
138321.5156250000000000000000000
135936.3906250000000000000000000
133598.6093750000000000000000000
131307.8906250000000000000000000
129063.9453125000000000000000000
126863.5000000000000000000000000
124706.6171875000000000000000000
122592.1328125000000000000000000
120519.6796875000000000000000000
118488.8750000000000000000000000
116496.7656250000000000000000000
114544.2265625000000000000000000
112630.4140625000000000000000000
110751.4531250000000000000000000
108911.2031250000000000000000000
107104.8828125000000000000000000
105335.0468750000000000000000000
103599.0625000000000000000000000
101895.5234375000000000000000000
100224.3906250000000000000000000
98585.1328125000000000000000000
96977.2109375000000000000000000
95401.8593750000000000000000000
93853.2265625000000000000000000
92336.5000000000000000000000000
90845.9921875000000000000000000
89385.5937500000000000000000000
87950.2265625000000000000000000
86542.8750000000000000000000000
85162.7109375000000000000000000
83806.8593750000000000000000000
82476.4921875000000000000000000
81170.0625000000000000000000000
79888.7500000000000000000000000
78630.0546875000000000000000000
77395.6250000000000000000000000
76182.2421875000000000000000000
74991.5312500000000000000000000
73822.1093750000000000000000000
72674.8984375000000000000000000
71548.2812500000000000000000000
70441.2890625000000000000000000
69355.0703125000000000000000000
68288.2109375000000000000000000
67239.9687500000000000000000000
66210.7656250000000000000000000
65199.1679687500000000000000000
64206.9921875000000000000000000
63231.3671875000000000000000000
62272.9414062500000000000000000
61331.8789062500000000000000000
60407.1757812500000000000000000
59498.2695312500000000000000000
58605.0976562500000000000000000
57729.2382812500000000000000000
56867.0312500000000000000000000
56020.2968750000000000000000000
55187.9765625000000000000000000
54370.2187500000000000000000000
53566.4335937500000000000000000
52777.0117187500000000000000000
52000.3828125000000000000000000
51237.4062500000000000000000000
50487.9726562500000000000000000
49750.4882812500000000000000000
49026.0585937500000000000000000
48313.3320312500000000000000000
47613.1601562500000000000000000
46924.6796875000000000000000000
46248.1171875000000000000000000
45582.5976562500000000000000000
44927.7265625000000000000000000
44284.7382812500000000000000000
43652.1015625000000000000000000
43029.7968750000000000000000000
42418.1796875000000000000000000
41816.4531250000000000000000000
41224.3437500000000000000000000
40642.3164062500000000000000000
40069.8359375000000000000000000
39506.4726562500000000000000000
38952.5742187500000000000000000
38407.7187500000000000000000000
37871.7265625000000000000000000
37344.4257812500000000000000000
36825.7695312500000000000000000
36315.4492187500000000000000000
35813.4101562500000000000000000
35319.4687500000000000000000000
34833.4375000000000000000000000
34355.0039062500000000000000000
33884.3632812500000000000000000
33421.0625000000000000000000000
32965.1679687500000000000000000
32516.6171875000000000000000000
32075.3457031250000000000000000
31640.6230468750000000000000000
31213.0371093750000000000000000
30791.9902343750000000000000000
30377.8085937500000000000000000
29970.2832031250000000000000000
29568.8066406250000000000000000
29173.5664062500000000000000000
28784.2128906250000000000000000
28401.6113281250000000000000000
28024.3339843750000000000000000
27653.2363281250000000000000000
27287.6992187500000000000000000
26927.4980468750000000000000000
26573.3613281250000000000000000
26224.2480468750000000000000000
25881.0292968750000000000000000
25542.5117187500000000000000000
25209.1582031250000000000000000
24881.1464843750000000000000000
24558.1113281250000000000000000
24239.8144531250000000000000000
23926.3007812500000000000000000
23617.4726562500000000000000000
23313.1582031250000000000000000
23013.7500000000000000000000000
22718.7968750000000000000000000
22428.1269531250000000000000000
22141.6367187500000000000000000
21859.6445312500000000000000000
21581.5507812500000000000000000
21307.7460937500000000000000000
21037.9785156250000000000000000
20772.5000000000000000000000000
20510.4863281250000000000000000
20252.3300781250000000000000000
19998.2753906250000000000000000
19747.5664062500000000000000000
19500.8808593750000000000000000
19257.2421875000000000000000000
19017.6875000000000000000000000
18781.4550781250000000000000000
18548.5703125000000000000000000
18319.1367187500000000000000000
18093.1816406250000000000000000
17869.8574218750000000000000000
17650.0644531250000000000000000
17433.6875000000000000000000000
17220.0156250000000000000000000
17009.5898437500000000000000000
16802.2851562500000000000000000
16597.5410156250000000000000000
16396.1171875000000000000000000
16197.4443359375000000000000000
16001.4736328125000000000000000
15808.1513671875000000000000000
15617.6484375000000000000000000
15429.6884765625000000000000000
15244.8173828125000000000000000
15062.1582031250000000000000000
14882.0283203125000000000000000
14704.5263671875000000000000000
14529.4433593750000000000000000
14356.8007812500000000000000000
14186.6953125000000000000000000
14018.7626953125000000000000000
13853.1767578125000000000000000
13689.7246093750000000000000000
13528.7304687500000000000000000
13369.7529296875000000000000000
13213.1943359375000000000000000
13058.3769531250000000000000000
12906.0898437500000000000000000
12690.8125000000000000000000000
12397.8417968750000000000000000
12112.7636718750000000000000000
11835.3886718750000000000000000
11565.3056640625000000000000000
11302.3710937500000000000000000
11046.3779296875000000000000000
10797.1562500000000000000000000
10554.5683593750000000000000000
10318.1152343750000000000000000
10087.9316406250000000000000000
9863.7675781250000000000000000
9645.3701171875000000000000000
9432.4599609375000000000000000
9225.1591796875000000000000000
9023.1230468750000000000000000
8826.2441406250000000000000000
8634.2880859375000000000000000
8447.3085937500000000000000000
8264.8574218750000000000000000
8087.1699218750000000000000000
7913.8110351562500000000000000
7744.7812500000000000000000000
7579.9755859375000000000000000
7419.2211914062500000000000000
7262.4697265625000000000000000
7109.5883789062500000000000000
6960.3530273437500000000000000
6814.8159179687500000000000000
6672.8359375000000000000000000
6534.2465820312500000000000000
6399.0742187500000000000000000
6267.1054687500000000000000000
6138.2758789062500000000000000
6012.5859375000000000000000000
5889.8037109375000000000000000
5770.0468750000000000000000000
5653.0029296875000000000000000
5538.8422851562500000000000000
5427.2368164062500000000000000
5318.3779296875000000000000000
5211.9995117187500000000000000
5108.0454101562500000000000000
5006.5712890625000000000000000
4907.4174804687500000000000000
4810.4672851562500000000000000
4715.8764648437500000000000000
4623.3432617187500000000000000
4533.0102539062500000000000000
4444.6884765625000000000000000
4358.3798828125000000000000000
4273.9960937500000000000000000
4191.5615234375000000000000000
4110.9042968750000000000000000
4032.1169433593750000000000000
3955.0356445312500000000000000
3879.7067871093750000000000000
3805.9865722656250000000000000
3733.9204101562500000000000000
3663.5051269531250000000000000
3594.5585937500000000000000000
3527.1718750000000000000000000
3461.2204589843750000000000000
3396.7346191406250000000000000
3333.6235351562500000000000000
3271.9047851562500000000000000
3211.4746093750000000000000000
3152.3366699218750000000000000
3094.4826660156250000000000000
3037.8666992187500000000000000
2982.4306640625000000000000000
2928.2260742187500000000000000
2875.1315917968750000000000000
2823.1608886718750000000000000
2772.2783203125000000000000000
2722.4714355468750000000000000
2673.6975097656250000000000000
2625.9497070312500000000000000
2579.1901855468750000000000000
2533.4057617187500000000000000
2488.5693359375000000000000000
2444.6359863281250000000000000
2401.6218261718750000000000000
2359.4682617187500000000000000
2318.1914062500000000000000000
2277.7695312500000000000000000
2238.1225585937500000000000000
2199.3239746093750000000000000
2161.2736816406250000000000000
2124.0061035156250000000000000
2087.4782714843750000000000000
2051.6857910156250000000000000
2016.6241455078125000000000000
1982.2421875000000000000000000
1948.5408935546875000000000000
1915.5020751953125000000000000
1883.1199951171875000000000000
1851.3886718750000000000000000
1820.2619628906250000000000000
1789.7535400390625000000000000
1759.8502197265625000000000000
1730.4914550781250000000000000
1701.7375488281250000000000000
1673.5137939453125000000000000
1645.8601074218750000000000000
1618.7353515625000000000000000
1592.1175537109375000000000000
1566.0061035156250000000000000
1540.3927001953125000000000000
1515.2689208984375000000000000
1490.6540527343750000000000000
1466.4566650390625000000000000
1442.7578125000000000000000000
1419.4686279296875000000000000
1396.6499023437500000000000000
1374.2222900390625000000000000
1352.2324218750000000000000000
1330.6673583984375000000000000
1309.4821777343750000000000000
1288.6951904296875000000000000
1268.2822265625000000000000000
1248.2617187500000000000000000
1228.5946044921875000000000000
1209.3066406250000000000000000
1190.3475341796875000000000000
1171.7426757812500000000000000
1153.4704589843750000000000000
1135.5452880859375000000000000
1117.9418945312500000000000000
1100.6451416015625000000000000
1083.6729736328125000000000000
1067.0032958984375000000000000
1050.6245117187500000000000000
1034.5432128906250000000000000
1018.7369995117187500000000000
1003.2342529296875000000000000
987.9901123046875000000000000
973.0147094726562500000000000
958.3106079101562500000000000
943.8621215820312500000000000
929.6604614257812500000000000
915.7046508789062500000000000
902.0193481445312500000000000
888.5473632812500000000000000
875.3171386718750000000000000
862.3121337890625000000000000
849.5346679687500000000000000
836.9755249023437500000000000
824.6408081054687500000000000
812.5059814453125000000000000
800.5844726562500000000000000
788.8745727539062500000000000
777.3513793945312500000000000
766.0321655273437500000000000
754.8958129882812500000000000
743.9556274414062500000000000
733.1981201171875000000000000
722.6268310546875000000000000
712.2280883789062500000000000
701.9957275390625000000000000
691.9490356445312500000000000
682.0640869140625000000000000
672.3405761718750000000000000
662.7840576171875000000000000
653.3820800781250000000000000
644.1303710937500000000000000
635.0361938476562500000000000
626.0911865234375000000000000
617.2886352539062500000000000
608.6339721679687500000000000
600.1206054687500000000000000
591.7457275390625000000000000
583.5066528320312500000000000
575.4026489257812500000000000
567.4288940429687500000000000
559.5845336914062500000000000
551.8666992187500000000000000
544.2724609375000000000000000
536.7969360351562500000000000
529.4431762695312500000000000
522.2041015625000000000000000
515.0807495117187500000000000
508.0721435546875000000000000
501.1772766113281250000000000
494.3847351074218750000000000
487.7037048339843750000000000
481.1248474121093750000000000
474.6532592773437500000000000
468.2856750488281250000000000
462.0126037597656250000000000
455.8369750976562500000000000
449.7533264160156250000000000
443.7751770019531250000000000
437.8802185058593750000000000
432.0818176269531250000000000
426.3703002929687500000000000
420.7421569824218750000000000
415.2087707519531250000000000
409.7538757324218750000000000
404.3910827636718750000000000
399.1017456054687500000000000
393.8930969238281250000000000
388.7679138183593750000000000
383.7204895019531250000000000
378.7471008300781250000000000
373.8484497070312500000000000
369.0230102539062500000000000
364.2680969238281250000000000
359.5898437500000000000000000
354.9812011718750000000000000
350.4394836425781250000000000
345.9630737304687500000000000
341.5569458007812500000000000
337.2117309570312500000000000
332.9335327148437500000000000
328.7184143066406250000000000
324.5703125000000000000000000
320.4763488769531250000000000
316.4426574707031250000000000
312.4730529785156250000000000
308.5557250976562500000000000
304.7012634277343750000000000
300.8944091796875000000000000
297.1513671875000000000000000
293.4602355957031250000000000
289.8214111328125000000000000
286.2365112304687500000000000
282.7059631347656250000000000
279.2165222167968750000000000
275.7822570800781250000000000
272.4013671875000000000000000
269.0627441406250000000000000
265.7748413085937500000000000
262.5357055664062500000000000
259.3365783691406250000000000
256.1893310546875000000000000
253.0850677490234375000000000
250.0230255126953125000000000
247.0023651123046875000000000
244.0257568359375000000000000
241.0888824462890625000000000
238.2002716064453125000000000
235.3462219238281250000000000
232.5316925048828125000000000
229.7582244873046875000000000
227.0225524902343750000000000
224.3250122070312500000000000
221.6671142578125000000000000
219.0431671142578125000000000
216.4558868408203125000000000
213.9019470214843750000000000
211.3864135742187500000000000
208.9023895263671875000000000
206.4561614990234375000000000
204.0371398925781250000000000
201.6576538085937500000000000
198.2939453125000000000000000
193.7162780761718750000000000
189.2619323730468750000000000
184.9279479980468750000000000
180.7079010009765625000000000
176.5995483398437500000000000
172.5996551513671875000000000
168.7055664062500000000000000
164.9151306152343750000000000
161.2205505371093750000000000
157.6239318847656250000000000
154.1213684082031250000000000
150.7089080810546875000000000
147.3821868896484375000000000
144.1431121826171875000000000
140.9862976074218750000000000
137.9100646972656250000000000
134.9107513427734375000000000
131.9891967773437500000000000
129.1383972167968750000000000
126.3620300292968750000000000
123.6532974243164062500000000
121.0122070312500000000000000
118.4371185302734375000000000
115.9253311157226562500000000
113.4760894775390625000000000
111.0873184204101562500000000
108.7555160522460937500000000
106.4814987182617187500000000
104.2630615234375000000000000
102.0976028442382812500000000
99.9855346679687500000000000
97.9235229492187500000000000
95.9105606079101562500000000
93.9466552734375000000000000
92.0281829833984375000000000
90.1569824218750000000000000
88.3281707763671875000000000
86.5444107055664062500000000
84.8005752563476562500000000
83.0996551513671875000000000
81.4374923706054687500000000
79.8132095336914062500000000
78.2276763916015625000000000
76.6783981323242187500000000
75.1635513305664062500000000
73.6855697631835937500000000
72.2397384643554687500000000
70.8282852172851562500000000
69.4482574462890625000000000
68.0996856689453125000000000
66.7811889648437500000000000
65.4931488037109375000000000
64.2328796386718750000000000
63.0018272399902343750000000
61.7974319458007812500000000
60.6204185485839843750000000
59.4685401916503906250000000
58.3425064086914062500000000
57.2422676086425781250000000
56.1649780273437500000000000
55.1120605468750000000000000
54.0815696716308593750000000
53.0739784240722656250000000
52.0878677368164062500000000
51.1235122680664062500000000
50.1792907714843750000000000
49.2552604675292968750000000
48.3512916564941406250000000
47.4666671752929687500000000
46.6004791259765625000000000
45.7535324096679687500000000
44.9239311218261718750000000
44.1118888854980468750000000
43.3168487548828125000000000
42.5386161804199218750000000
41.7765235900878906250000000
41.0304641723632812500000000
40.2998466491699218750000000
39.5844650268554687500000000
38.8838958740234375000000000
38.1974372863769531250000000
37.5253410339355468750000000
36.8666915893554687500000000
36.2217407226562500000000000
35.5901489257812500000000000
34.9706649780273437500000000
34.3644371032714843750000000
33.7699012756347656250000000
33.1875953674316406250000000
32.6168479919433593750000000
32.0575904846191406250000000
31.5097522735595703125000000
30.9725341796875000000000000
30.4459514617919921875000000
29.9297199249267578125000000
29.4237499237060546875000000
28.9279479980468750000000000
28.4415931701660156250000000
27.9648990631103515625000000
27.4976596832275390625000000
27.0389289855957031250000000
26.5896492004394531250000000
26.1486530303955078125000000
25.7165641784667968750000000
25.2927398681640625000000000
24.8768367767333984375000000
24.4688453674316406250000000
24.0686359405517578125000000
23.6760768890380859375000000
23.2914695739746093750000000
22.9133853912353515625000000
22.5430908203125000000000000
22.1791973114013671875000000
21.8226547241210937500000000
21.4722232818603515625000000
21.1286315917968750000000000
20.7916774749755859375000000
20.4606590270996093750000000
20.1358623504638671875000000
19.8169097900390625000000000
19.5040893554687500000000000
19.1967906951904296875000000
18.8954162597656250000000000
18.5991802215576171875000000
18.3084793090820312500000000
18.0229759216308593750000000
17.7428951263427734375000000
17.4678421020507812500000000
17.1975803375244140625000000
16.9323902130126953125000000
16.6719264984130859375000000
16.4160079956054687500000000
16.1647377014160156250000000
15.9177656173706054687500000
15.6755352020263671875000000
15.4373455047607421875000000
15.2033548355102539062500000
14.9736032485961914062500000
14.7478456497192382812500000
14.5259447097778320312500000
14.3078851699829101562500000
14.0940523147583007812500000
13.8835525512695312500000000
13.6768302917480468750000000
13.4736270904541015625000000
13.2739791870117187500000000
13.0777425765991210937500000
12.8850126266479492187500000
12.6954059600830078125000000
12.5091323852539062500000000
12.3261651992797851562500000
12.1461153030395507812500000
11.9692525863647460937500000
11.7952470779418945312500000
11.6243066787719726562500000
11.4562206268310546875000000
11.2910442352294921875000000
11.1285638809204101562500000
10.9686832427978515625000000
10.8117036819458007812500000
10.6572513580322265625000000
10.5053215026855468750000000
10.3560009002685546875000000
10.2090950012207031250000000
10.0645370483398437500000000
9.9224405288696289062500000
9.7826747894287109375000000
9.6451349258422851562500000
9.5099058151245117187500000
9.3768844604492187500000000
9.2460269927978515625000000
9.1172914505004882812500000
8.9906663894653320312500000
8.8660764694213867187500000
8.7435083389282226562500000
8.6229171752929687500000000
8.5042572021484375000000000
8.3874521255493164062500000
8.2725496292114257812500000
8.1594390869140625000000000
8.0481367111206054687500000
7.9386272430419921875000000
7.8308949470520019531250000
7.7247614860534667968750000
7.6203703880310058593750000
7.5175757408142089843750000
7.4164571762084960937500000
7.3169636726379394531250000
7.2189469337463378906250000
7.1224527359008789062500000
7.0273957252502441406250000
6.9339871406555175781250000
6.8418784141540527343750000
6.7512784004211425781250000
6.6620359420776367187500000
6.5740962028503417968750000
6.4876370429992675781250000
6.4024043083190917968750000
6.3186106681823730468750000
6.2359647750854492187500000
6.1545796394348144531250000
6.0744986534118652343750000
5.9956326484680175781250000
5.9179234504699707031250000
5.8413820266723632812500000
5.7659845352172851562500000
5.6916890144348144531250000
5.6185913085937500000000000
5.5465812683105468750000000
5.4756169319152832031250000
5.4056730270385742187500000
5.3368272781372070312500000
5.2689332962036132812500000
5.2020864486694335937500000
5.1362252235412597656250000
5.0714111328125000000000000
5.0074429512023925781250000
4.9444165229797363281250000
4.8823914527893066406250000
4.8211832046508789062500000
4.7609572410583496093750000
4.7014751434326171875000000
4.6429901123046875000000000
4.5853161811828613281250000
4.5284595489501953125000000
4.4724454879760742187500000
4.4172806739807128906250000
4.3627581596374511718750000
4.3090977668762207031250000
4.2562713623046875000000000
4.2041053771972656250000000
4.1527318954467773437500000
4.1021203994750976562500000
4.0521340370178222656250000
4.0029582977294921875000000
3.9544541835784912109375000
3.9066097736358642578125000
3.8594119548797607421875000
3.8129024505615234375000000
3.7670137882232666015625000
3.7218792438507080078125000
3.6772847175598144531250000
3.6333076953887939453125000
3.5899722576141357421875000
3.5472273826599121093750000
3.5050783157348632812500000
3.4635486602783203125000000
3.4225494861602783203125000
3.3821232318878173828125000
3.3422179222106933593750000
3.3029127120971679687500000
3.2640998363494873046875000
3.2258775234222412109375000
3.1880803108215332031250000
3.1509008407592773437500000
3.0983428955078125000000000
3.0268168449401855468750000
2.9572176933288574218750000
2.8894991874694824218750000
2.8235609531402587890625000
2.7593679428100585937500000
2.6968696117401123046875000
2.6360244750976562500000000
2.5767989158630371093750000
2.5190711021423339843750000
2.4628739356994628906250000
2.4081463813781738281250000
2.3548266887664794921875000
2.3028466701507568359375000
2.2522361278533935546875000
2.2029109001159667968750000
2.1548447608947753906250000
2.1079804897308349609375000
2.0623311996459960937500000
2.0177874565124511718750000
1.9744067192077636718750000
1.9320827722549438476562500
1.8908157348632812500000000
1.8505799770355224609375000
1.8113332986831665039062500
1.7730638980865478515625000
1.7357393503189086914062500
1.6993049383163452148437500
1.6637734174728393554687500
1.6291103363037109375000000
1.5952750444412231445312500
1.5622739791870117187500000
1.5300550460815429687500000
1.4986025094985961914062500
1.4679164886474609375000000
1.4379403591156005859375000
1.4087028503417968750000000
1.3801276683807373046875000
1.3522564172744750976562500
1.3250089883804321289062500
1.2984321117401123046875000
1.2724608182907104492187500
1.2470813989639282226562500
1.2223074436187744140625000
1.1980999708175659179687500
1.1744304895401000976562500
1.1513370275497436523437500
1.1287459135055541992187500
1.1066919565200805664062500
1.0851290225982666015625000
1.0640575885772705078125000
1.0434560775756835937500000
1.0233304500579833984375000
1.0036387443542480468750000
0.9844035506248474121093750
0.9655848741531372070312500
0.9471940398216247558593750
0.9291959404945373535156250
0.9116016626358032226562500
0.8944104313850402832031250
0.8775777816772460937500000
0.8611259460449218750000000
0.8450245261192321777343750
0.8292809128761291503906250
0.8138729333877563476562500
0.7988048791885375976562500
0.7840514183044433593750000
0.7696134448051452636718750
0.7554889321327209472656250
0.7416666746139526367187500
0.7281324863433837890625000
0.7148989439010620117187500
0.7019364237785339355468750
0.6892482638359069824218750
0.6768257617950439453125000
0.6646658778190612792968750
0.6527581810951232910156250
0.6411010026931762695312500
0.6296851038932800292968750
0.6185072660446166992187500
0.6075608730316162109375000
0.5968349575996398925781250
0.5863334536552429199218750
0.5760420560836791992187500
0.5659646987915039062500000
0.5560960769653320312500000
0.5464166402816772460937500
0.5369443297386169433593750
0.5276547074317932128906250
0.5185561776161193847656250
0.5096382498741149902343750
0.5008998513221740722656250
0.4923398792743682861328125
0.4839458465576171875000000
0.4757179915904998779296875
0.4676518738269805908203125
0.4597460925579071044921875
0.4519991874694824218750000
0.4443998932838439941406250
0.4369515478610992431640625
0.4296509325504302978515625
0.4224832653999328613281250
0.4154632687568664550781250
0.4085727035999298095703125
0.4018213152885437011718750
0.3951990604400634765625000
0.3887005746364593505859375
0.3823257088661193847656250
0.3760724365711212158203125
0.3699387013912200927734375
0.3639292120933532714843750
0.3580216467380523681640625
0.3522357940673828125000000
0.3465499579906463623046875
0.3409789800643920898437500
0.3355034887790679931640625
0.3301348686218261718750000
0.3248699605464935302734375
0.3196977972984313964843750
0.3146228492259979248046875
0.3096392154693603515625000
0.3047513961791992187500000
0.2999498546123504638671875
0.2952408790588378906250000
0.2906121909618377685546875
0.2860699892044067382812500
0.2816089987754821777343750
0.2772327363491058349609375
0.2729350328445434570312500
0.2687121927738189697265625
0.2645685970783233642578125
0.2604988515377044677734375
0.2565001249313354492187500
0.2525740265846252441406250
0.2487150877714157104492188
0.2449302375316619873046875
0.2412085235118865966796875
0.2375524193048477172851563
0.2339625507593154907226563
0.2304350882768630981445313
0.2269678860902786254882813
0.2235607057809829711914063
0.2202195674180984497070313
0.2169305086135864257812500
0.2137004733085632324218750
0.2105254232883453369140625
0.2074059247970581054687500
0.2043397277593612670898438
0.2013283222913742065429688
0.1983657181262969970703125
0.1954551935195922851562500
0.1925963312387466430664063
0.1897830516099929809570313
0.1870195716619491577148438
0.1843007355928421020507813
0.1816297918558120727539063
0.1790034472942352294921875
0.1764225661754608154296875
0.1738838106393814086914063
0.1713856756687164306640625
0.1689328700304031372070313
0.1665195524692535400390625
0.1641456484794616699218750
0.1618125140666961669921875
0.1595171093940734863281250
0.1572583913803100585937500
0.1550381332635879516601563
0.1528542935848236083984375
0.1507052332162857055664063
0.1485922783613204956054688
0.1465138196945190429687500
0.1444691717624664306640625
0.1424576789140701293945313
0.1404791623353958129882813
0.1385324448347091674804688
0.1366173177957534790039063
0.1347330808639526367187500
0.1328790187835693359375000
0.1310539394617080688476563
0.1292585879564285278320313
0.1274912357330322265625000
0.1257521361112594604492188
0.1240410506725311279296875
0.1223577335476875305175781
0.1206993982195854187011719
0.1190682873129844665527344
0.1174621209502220153808594
0.1158821433782577514648438
0.1143275573849678039550781
0.1127960458397865295410156
0.1112883239984512329101563
0.1098030582070350646972656
0.1083435490727424621582031
0.1069043502211570739746094
0.1054887250065803527832031
0.1040943115949630737304688
0.1027202531695365905761719
0.1013693287968635559082031
0.1000375673174858093261719
0.0987282916903495788574219
0.0974369496107101440429688
0.0961653068661689758300781
0.0949140414595603942871094
0.0936817601323127746582031
0.0924675539135932922363281
0.0912715941667556762695313
0.0900935083627700805664063
0.0889326408505439758300781
0.0877904891967773437500000
0.0866653323173522949218750
0.0855565145611763000488281
0.0844636410474777221679688
0.0833879262208938598632813
0.0823270827531814575195313
0.0812826007604598999023438
0.0802535191178321838378906
0.0792407989501953125000000
0.0782412961125373840332031
0.0772565081715583801269531
0.0762873664498329162597656
0.0753309875726699829101563
0.0743899568915367126464844
0.0734605491161346435546875
0.0725467205047607421875000
0.0716455653309822082519531
0.0707571804523468017578125
0.0698819607496261596679688
0.0690200105309486389160156
0.0681680962443351745605469
0.0673296526074409484863281
0.0665042400360107421875000
0.0656891465187072753906250
0.0648864358663558959960938
0.0640956312417984008789063
0.0633145943284034729003906
0.0625462234020233154296875
0.0617883466184139251708984
0.0610407777130603790283203
0.0603033117949962615966797
0.0595766007900238037109375
0.0588595904409885406494141
0.0581543631851673126220703
0.0574575737118721008300781
0.0567704327404499053955078
0.0560933165252208709716797
0.0554254278540611267089844
0.0547668486833572387695313
0.0541179478168487548828125
0.0534773357212543487548828
0.0528456754982471466064453
0.0522221550345420837402344
0.0516080111265182495117188
0.0510015599429607391357422
0.0504043363034725189208984
0.0498137548565864562988281
0.0492328256368637084960938
0.0484116077423095703125000
0.0472940132021903991699219
0.0462065264582633972167969
0.0451484248042106628417969
0.0441181398928165435791016
0.0431151241064071655273438
0.0421385876834392547607422
0.0411878824234008789062500
0.0402624830603599548339844
0.0393604859709739685058594
0.0384824052453041076660156
0.0376272872090339660644531
0.0367941670119762420654297
0.0359819792211055755615234
0.0351911894977092742919922
0.0344204828143119812011719
0.0336694493889808654785156
0.0329371951520442962646484
0.0322239249944686889648438
0.0315279290080070495605469
0.0308501049876213073730469
0.0301887933164834976196289
0.0295439958572387695312500
0.0289153121411800384521484
0.0283020827919244766235352
0.0277041234076023101806641
0.0271209273487329483032227
0.0265516396611928939819336
0.0259964596480131149291992
0.0254548490047454833984375
0.0249261725693941116333008
0.0244105309247970581054688
0.0239071100950241088867188
0.0234156642109155654907227
0.0229361951351165771484375
0.0224678181111812591552734
0.0220109820365905761718750
0.0215644948184490203857422
0.0211290065199136734008789
0.0207032654434442520141602
0.0202880017459392547607422
0.0198822002857923507690430
0.0194856468588113784790039
0.0190985538065433502197266
0.0187203120440244674682617
0.0183504763990640640258789
0.0179896410554647445678711
0.0176366548985242843627930
0.0172920618206262588500977
0.0169551409780979156494141
0.0166258998215198516845703
0.0163040012121200561523438
0.0159895382821559906005859
0.0156818553805351257324219
0.0153813054785132408142090
0.0150872636586427688598633
0.0147999068722128868103027
0.0145186865702271461486816
0.0142437759786844253540039
0.0139751629903912544250488
0.0137121528387069702148438
0.0134550929069519042968750
0.0132035082206130027770996
0.0129575142636895179748535
0.0127167645841836929321289
0.0124813262373208999633789
0.0122508034110069274902344
0.0120252100750803947448730
0.0118045145645737648010254
0.0115885417908430099487305
0.0113770700991153717041016
0.0111702959984540939331055
0.0109677566215395927429199
0.0107695041224360466003418
0.0105754025280475616455078
0.0103854043409228324890137
0.0101993465796113014221191
0.0100172031670808792114258
0.0098388297483325004577637
0.0096641760319471359252930
0.0094931386411190032958984
0.0093255462124943733215332
0.0091614602133631706237793
0.0090006571263074874877930
0.0088431984186172485351563
0.0086890012025833129882813
0.0085377600044012069702148
0.0083897551521658897399902
0.0082446048036217689514160
0.0081024402752518653869629
0.0079630976542830467224121
0.0078265601769089698791504
0.0076928106136620044708252
0.0075616538524627685546875
0.0074330936186015605926514
0.0073070605285465717315674
0.0071835326962172985076904
0.0070624873042106628417969
0.0069437483325600624084473
0.0068273679353296756744385
0.0067132958211004734039307
0.0066013010218739509582520
0.0064916135743260383605957
0.0063839484937489032745361
0.0062784580513834953308105
0.0061749853193759918212891
0.0060734464786946773529053
0.0059738392010331153869629
0.0058761318214237689971924
0.0057802922092378139495850
0.0056863939389586448669434
0.0055940882302820682525635
0.0055036842823028564453125
0.0054148430936038494110107
0.0053277965635061264038086
0.0052422420121729373931885
0.0051583573222160339355469
0.0050760931335389614105225
0.0049952780827879905700684
0.0049159820191562175750732
0.0048381127417087554931641
0.0047617405652999877929688
0.0046867164783179759979248
0.0046131387352943420410156
0.0045408154837787151336670
0.0044698435813188552856445
0.0044001406058669090270996
0.0043317615054547786712646
0.0042646098881959915161133
0.0041986280120909214019775
0.0041338843293488025665283
0.0040702945552766323089600
0.0040078144520521163940430
0.0039464691653847694396973
0.0038861732464283704757690
0.0038270349614322185516357
0.0037688831798732280731201
0.0037117565516382455825806
0.0036556648556143045425415
0.0036005482543259859085083
0.0035463732201606035232544
0.0034931360278278589248657
0.0034409307409077882766724
0.0033895391970872879028320
0.0033390698954463005065918
0.0032894597388803958892822
0.0032407175749540328979492
0.0031928082462400197982788
0.0031457550358027219772339
0.0030994643457233905792236
0.0030539873987436294555664
0.0030093176756054162979126
0.0029653601814061403274536
0.0029221808072179555892944
0.0028796989936381578445435
0.0028379654977470636367798
0.0027969288639724254608154
0.0027566025964915752410889
0.0027169345412403345108032
0.0026779011823236942291260
0.0026395760942250490188599
0.0026018680073320865631104
0.0025647757574915885925293
0.0025283205322921276092529
0.0024924548342823982238770
0.0024571623653173446655273
0.0024224708322435617446899
0.0023883483372628688812256
0.0023547692690044641494751
0.0023217543493956327438354
0.0022892784327268600463867
0.0022573308087885379791260
0.0022259012330323457717896
0.0021949869114905595779419
0.0021645694505423307418823
0.0021346455905586481094360
0.0021052043884992599487305
0.0020762346684932708740234
0.0020477178040891885757446
0.0020196654368191957473755
0.0019920505583286285400391
0.0019648771267384290695190
0.0019381414167582988739014
0.0019118395866826176643372
0.0018859280971810221672058
0.0018604419892653822898865
0.0018353456398472189903259
0.0018106584902852773666382
0.0017863680841401219367981
0.0017624382162466645240784
0.0017388800624758005142212
0.0017156727844849228858948
0.0016928679542616009712219
0.0016703804722055792808533
0.0016482613282278180122375
0.0016264736186712980270386
0.0016050039557740092277527
0.0015838957624509930610657
0.0015630869893357157707214
0.0015426295576617121696472
0.0015224523376673460006714
0.0015025829197838902473450
0.0014830318978056311607361
0.0014637775020673871040344
0.0014448055298998951911926
0.0014261186588555574417114
0.0014077110681682825088501
0.0013895725132897496223450
0.0013717263936996459960938
0.0013541458174586296081543
0.0013368205400183796882629
0.0013197443913668394088745
0.0013029363472014665603638
0.0012863606680184602737427
0.0012700406368821859359741
0.0012539612362161278724670
0.0012381374835968017578125
0.0012225202517583966255188
0.0012071329401805996894836
0.0011919901007786393165588
0.0011770466808229684829712
0.0011623430764302611351013
0.0011478210799396038055420
0.0011335425078868865966797
0.0011194619582965970039368
0.0011055809445679187774658
0.0010919056367129087448120
0.0010784376645460724830627
0.0010651265038177371025085
0.0010520258219912648200989
0.0010391287505626678466797
0.0010263929143548011779785
0.0010138505604118108749390
0.0010014942381531000137329
0.0009892905363813042640686
0.0009772847406566143035889
0.0009654429159127175807953
0.0009537621517665684223175
0.0009422392467968165874481
0.0009308843873441219329834
0.0009196811006404459476471
0.0009086619247682392597198
0.0008977745892480015754700
0.0008870380115695297718048
0.0008764580707065761089325
0.0008660223102197051048279
0.0008557320106774568557739
0.0008455929346382617950439
0.0008355833706445991992950
0.0008257136796601116657257
0.0008159711724147200584412
0.0008063751738518476486206
0.0007968993741087615489960
0.0007875677547417581081390
0.0007783399196341633796692
0.0007692629005759954452515
0.0007564313709735870361328
0.0007389689562842249870300
0.0007219769759103655815125
0.0007054441375657916069031
0.0006893459358252584934235
0.0006736738141626119613647
0.0006584154325537383556366
0.0006435606628656387329102
0.0006291012978181242942810
0.0006150075932964682579041
0.0006012875819578766822815
0.0005879263626411557197571
0.0005749088595621287822723
0.0005622184253297746181488
0.0005498623359017074108124
0.0005378200439736247062683
0.0005260851467028260231018
0.0005146436742506921291351
0.0005034988280385732650757
0.0004926238907501101493835
0.0004820328904315829277039
0.0004716998955700546503067
0.0004616249352693557739258
0.0004518017522059381008148
0.0004422200436238199472427
0.0004328769282437860965729
0.0004237644898239523172379
0.0004148693697061389684677
0.0004061946820002049207687
0.0003977320156991481781006
0.0003894714463967829942703
0.0003814145456999540328979
0.0003735485952347517013550
0.0003658697532955557107925
0.0003583780489861965179443
0.0003510596579872071743011
0.0003439215943217277526855
0.0003369452315382659435272
0.0003301407268736511468887
0.0003234885225538164377213
0.0003170000272803008556366
0.0003106593794655054807663
0.0003044632321689277887344
0.0002984149032272398471832
0.0002925048756878823041916
0.0002867261937353760004044
0.0002810881414916366338730
0.0002755727327894419431686
0.0002701884659472852945328
0.0002649240777827799320221
0.0002597796847112476825714
0.0002547500189393758773804
0.0002498365356586873531342
0.0002450289903208613395691
0.0002403328981017693877220
0.0002357384946662932634354
0.0002312485448783263564110
0.0002268544776597991585732
0.0002225589996669441461563
0.0002183619217248633503914
0.0002142523881047964096069
0.0002102358266711235046387
0.0002063048159470781683922
0.0002024611603701487183571
0.0001986994466278702020645
0.0001950207224581390619278
0.0001914188032969832420349
0.0001878939074231311678886
0.0001844455400714650750160
0.0001810709654819220304489
0.0001777667202986776828766
0.0001745358749758452177048
0.0001713711972115561366081
0.0001682735019130632281303
0.0001652406645007431507111
0.0001622719428269192576408
0.0001593647903064265847206
0.0001565187994856387376785
0.0001537317148176953196526
0.0001510027504991739988327
0.0001483302912674844264984
0.0001457116595702245831490
0.0001431478158337995409966
0.0001406352675985544919968
0.0001381749752908945083618
0.0001357656437903642654419
0.0001334025000687688589096
0.0001310899242525920271873
0.0001288219500565901398659
0.0001266006293008103966713
0.0001244234008481726050377
0.0001222900027642026543617
0.0001202001658384688198566
0.0001181508414447307586670
0.0001161420877906493842602
0.0001141728207585401833057
0.0001122426983783952891827
0.0001103513641282916069031
0.0001084960676962509751320
0.0001066776239895261824131
0.0001048952472046948969364
0.0001031453284667804837227
0.0001014314620988443493843
0.0000997491952148266136646
0.0000981009070528671145439
0.0000964841456152498722076
0.0000948976012296043336391
0.0000933412375161424279213
0.0000918145597097463905811
0.0000903170657693408429623
0.0000888499052962288260460
0.0000874076285981573164463
0.0000859950669109821319580
0.0000846069233375601470470
0.0000832468213047832250595
0.0000819100314402021467686
0.0000805993331596255302429
0.0000793139552115462720394
0.0000780512200435623526573
0.0000768122190493158996105
0.0000755955115891993045807
0.0000744021963328123092651
0.0000732299449737183749676
0.0000720802927389740943909
0.0000709502419340424239635
0.0000698413059581071138382
0.0000687521969666704535484
0.0000676837735227309167385
0.0000666345295030623674393
0.0000656035626889206469059
0.0000645919426460750401020
0.0000635983524261973798275
0.0000626221008133143186569
0.0000616635807091370224953
0.0000607214569754432886839
0.0000597974212723784148693
0.0000588887996855191886425
0.0000579961961193475872278
0.0000571197633689735084772
0.0000562585664738435298204
0.0000554120815650094300508
0.0000545802504348102957010
0.0000537645428266841918230
0.0000529615499544888734818
0.0000521729671163484454155
0.0000513978084200061857700
0.0000506362121086567640305
0.0000498876288475003093481
0.0000491524224344175308943
0.0000484291304019279778004
0.0000477185531053692102432
0.0000470205886813346296549
0.0000463337528344709426165
0.0000456590751127805560827
0.0000449952967755962163210
0.0000443432109022978693247
0.0000437020134995691478252
0.0000430719155701808631420
0.0000424521022068802267313
0.0000418422059738077223301
0.0000412433764722663909197
0.0000406541876145638525486
0.0000400746212108060717583
0.0000395050083170644938946
0.0000389446067856624722481
0.0000383931619580835103989
0.0000378511067538056522608
0.0000373179427697323262691
0.0000367932698281947523355
0.0000362774117093067616224
0.0000357699755113571882248
0.0000352707938873209059238
0.0000347797067661304026842
0.0000342966704920399934053
0.0000338213976647239178419
0.0000333538373524788767099
0.0000328938185703009366989
0.0000324411666952073574066
0.0000319955906888935714960
0.0000315572724502999335527
0.0000311257899738848209381
0.0000307012051052879542112
0.0000302834596368484199047
0.0000298724935419159010053
0.0000294676265184534713626
0.0000290694060822715982795
0.0000286772756226127967238
0.0000282915389107074588537
0.0000279120013146894052625
0.0000275380971288541331887
0.0000271700009761843830347
0.0000268073872575769200921
0.0000264510617853375151753
0.0000260996948782121762633
0.0000257540832535596564412
0.0000254136502917390316725
0.0000250781868089688941836
0.0000247483712882967665792
0.0000244232342083705589175
0.0000241035868384642526507
0.0000237883177760522812605
0.0000234778581216232851148
0.0000231723734032129868865
0.0000228715234698029235005
0.0000225750864046858623624
0.0000222831040446180850267
0.0000219954854401294142008
0.0000217120705201523378491
0.0000214332249015569686890
0.0000211585283977910876274
0.0000208878209377871826291
0.0000206210061151068657637
0.0000203583804250229150057
0.0000200993854377884417772
0.0000198443849512841552496
0.0000195931443158769980073
0.0000193458981812000274658
0.0000191018789337249472737
0.0000188614521903218701482
0.0000186248453246662393212
0.0000183913543878588825464
0.0000181616105692228302360
0.0000179347043740563094616
0.0000177116016857326030731
0.0000174915930983843281865
0.0000172747022588737308979
0.0000170610255736391991377
0.0000168505885085323825479
0.0000166426016221521422267
0.0000164379034686135128140
0.0000162363867275416851044
0.0000160373892867937684059
0.0000158414150064345449209
0.0000156483474711421877146
0.0000154576646309578791261
0.0000152700740727595984936
0.0000150850455611362121999
0.0000149025336213526315987
0.0000147224882312002591789
0.0000145450685522519052029
0.0000143700171975069679320
0.0000141978425745037384331
0.0000140277279570000246167
0.0000138599689307739026845
0.0000136946573547902517021
0.0000135315985971828922629
0.0000133708126668352633715
0.0000132123896037228405476
0.0000130559901663218624890
0.0000129017762446892447770
0.0000127495495689800009131
0.0000125996120914351195097
0.0000124515527204493992031
0.0000123057461678399704397
0.0000121615612442838028073
0.0000120197328214999288321
0.0000118192401714622974396
0.0000115463899419410154223
0.0000112808902485994622111
0.0000110225646494654938579
0.0000107710302472696639597
0.0000105261533462908118963
0.0000102877411336521618068
0.0000100556353572756052017
0.0000098297077784081920981
0.0000096094936452573165298
0.0000093951184680918231606
0.0000091863494162680581212
0.0000089829509306582622230
0.0000087846628957777284086
0.0000085915989984641782939
0.0000084034381870878860354
0.0000082200804172316566110
0.0000080413074101670645177
0.0000078671691881027072668
0.0000076972482929704710841
0.0000075317639129934832454
0.0000073703108682821039110
0.0000072128896135836839676
0.0000070594023782177828252
0.0000069096881816221866757
0.0000067637020038091577590
0.0000066213201534992549568
0.0000064823339016584213823
0.0000063467919062532018870
0.0000062145627452991902828
0.0000060854913499497342855
0.0000059596022765617817640
0.0000058366968005429953337
0.0000057167148952430579811
0.0000055996570154093205929
0.0000054853071560501120985
0.0000053737749112769961357
0.0000052647692427854053676
0.0000051584488574007991701
0.0000050545081649033818394
0.0000049531254262547008693
0.0000048540528041485231370
0.0000047572380026394966990
0.0000046627328629256226122
0.0000045703886826231610030
0.0000044800967771152500063
0.0000043920022108068224043
0.0000043058239498350303620
0.0000042216947804263327271
0.0000041394387153559364378
0.0000040590575736132450402
0.0000039804690459277480841
0.0000039036958696669898927
0.0000038285779737634584308
0.0000037552015328401466832
0.0000036834139791608322412
0.0000036132585137238493189
0.0000035446012134343618527
0.0000034774843697960022837
0.0000034119050269509898499
0.0000033476935641374439001
0.0000032849347917363047600
0.0000032235127491730963811
0.0000031634556307835737243
0.0000031046788535604719073
0.0000030471987884084228426
0.0000029909188015153631568
0.0000029358423034864244983
0.0000028819615636166417971
0.0000028292338356550317258
0.0000027776050046668387949
0.0000027271230464975815266
0.0000026776749564305646345
0.0000026292734673916129395
0.0000025818853828241117299
0.0000025354991066706134006
0.0000024900748485379153863
0.0000024456062419631052762
0.0000024020580440264893696
0.0000023594179765495937318
0.0000023176608010544441640
0.0000022767446807847591117
0.0000022366846224031178281
0.0000021974260562274139374
0.0000021589839889202266932
0.0000021213381842244416475
0.0000020844140635745134205
0.0000020482800664467504248
0.0000020128429696342209354
0.0000019781348328251624480
0.0000019441156382526969537
0.0000019107812931906664744
0.0000018781275912260753103
0.0000018461068975739181042
0.0000018147201217288966291
0.0000017839503243521903642
0.0000017537921621624263935
0.0000017242400645045563579
0.0000016952510577539214864
0.0000016668378748363466002
0.0000016389882375733577646
0.0000016116457572934450582
0.0000015848665952944429591
0.0000015585811752316658385
0.0000015328266727010486647
0.0000015075647752382792532
0.0000014827750192125677131
0.0000014584568361897254363
0.0000014346024954647873528
0.0000014112041526459506713
0.0000013882797702535754070
0.0000013657441968462080695
0.0000013436729204840958118
0.0000013219831771493772976
0.0000013007315828872378916
0.0000012798442412531585433
0.0000012593645806191489100
0.0000012392805501804105006
0.0000012195503131806617603
0.0000012001909226455609314
0.0000011811798685812391341
0.0000011625343177001923323
0.0000011442178902143496089
0.0000011262545740464702249
0.0000011085975302194128744
0.0000010912704055954236537
0.0000010742530776042258367
0.0000010575589612926705740
0.0000010411645234853494912
0.0000010250556670143851079
0.0000010092491038449225016
0.0000009937242566593340598
0.0000009784703252080362290
0.0000009634934485802659765
0.0000009487727652413013857
0.0000009343347073809127323
0.0000009201374950862373225
0.0000009061905643648060504
0.0000008924963026402110700
0.0000008790401011538051534
0.0000008658137744532723445
0.0000008528164130439108703
0.0000008400709816669404972
0.0000008275242180388886482
0.0000008152026111929444596
0.0000008030907565625966527
0.0000007911908141977619380
0.0000007794942007421923336
0.0000007680066005377739202
0.0000007567051625301246531
0.0000007456023922713939101
0.0000007346966981458535884
0.0000007239648880386084784
0.0000007134230486371961888
0.0000007030515121186908800
0.0000006928626703484042082
0.0000006828439609307679348
0.0000006729986807840759866
0.0000006633140969825035427
0.0000006537844683407456614
0.0000006444277573791623581
0.0000006352216814775601961
0.0000006261659564188448712
0.0000006172657549541327171
0.0000006085094810259761289
0.0000005998931555950548500
0.0000005914235430282133166
0.0000005830928557770675980
0.0000005748948410655430052
0.0000005668345579579181504
0.0000005589058673649560660
0.0000005511061544893891551
0.0000005434329182207875419
0.0000005358854764381248970
0.0000005284593385113112163
0.0000005211537086324824486
0.0000005139659151609521359
0.0000005068932296126149595
0.0000004999311045139620546
0.0000004930823820359364618
0.0000004863404683419503272
0.0000004797063297701242846
0.0000004731790568257565610
0.0000004667577115924359532
0.0000004604316643508354900
0.0000004542094700354937231
0.0000004480824316033249488
0.0000004420552954798040446
0.0000004361250205420219572
0.0000004302827676383458311
0.0000004245312652528809849
0.0000004188654258996393764
0.0000004132978403958986746
0.0000004078077324720652541
0.0000004024075508368696319
0.0000003970882858084223699
0.0000003918466688901389716
0.0000003866933013796369778
0.0000003816130345057899831
0.0000003766185443510039477
0.0000003716924652508168947
0.0000003668415331503638299
0.0000003620683344252029201
0.0000003573675542156706797
0.0000003527357250732165994
0.0000003481735006971575785
0.0000003436794600020220969
0.0000003392511018773802789
0.0000003348941390868276358
0.0000003306020062154857442
0.0000003263722021529247286
0.0000003222032205485447776
0.0000003180996941409830470
0.0000003140528974654444028
0.0000003100685148638149258
0.0000003061428799355780939
0.0000003022796590812504292
0.0000002984668583394523012
0.0000002947101904737792211
0.0000002910132081979099894
0.0000002873649123102950398
0.0000002837751651441067224
0.0000002802297558446298353
0.0000002767437763395719230
0.0000002733061421622551279
0.0000002699172227949020453
0.0000002665785245881124865
0.0000002632904454458184773
0.0000002600406503461272223
0.0000002568422416970861377
0.0000002536935426178388298
0.0000002505842076061526313
0.0000002475221094755397644
0.0000002445054292365966830
0.0000002415260098587168613
0.0000002385949073868687265
0.0000002357038368927533156
0.0000002328520878336348687
0.0000002300388786125040497
0.0000002272666961289360188
0.0000002245315187110463739
0.0000002218412902266209130
0.0000002191832493281253846
0.0000002165620145433422294
0.0000002139790211685976828
0.0000002114312280809826916
0.0000002089189479193009902
0.0000002064435875581693836
0.0000002039998463487791014
0.0000002015902538232694496
0.0000001992117120153125143
0.0000001968689389286737423
0.0000001945555112570218625
0.0000001922772838724995381
0.0000001900243944419344189
0.0000001878083253359363880
