182189277184.0000000000000000000000000
177292525568.0000000000000000000000000
172545916928.0000000000000000000000000
167944175616.0000000000000000000000000
163481239552.0000000000000000000000000
159152881664.0000000000000000000000000
154957119488.0000000000000000000000000
150885580800.0000000000000000000000000
146937102336.0000000000000000000000000
143105409024.0000000000000000000000000
139387486208.0000000000000000000000000
135780286464.0000000000000000000000000
132279615488.0000000000000000000000000
128879853568.0000000000000000000000000
125581451264.0000000000000000000000000
122378297344.0000000000000000000000000
119267958784.0000000000000000000000000
116247609344.0000000000000000000000000
113315766272.0000000000000000000000000
110465982464.0000000000000000000000000
107699617792.0000000000000000000000000
105011503104.0000000000000000000000000
102399229952.0000000000000000000000000
99862077440.0000000000000000000000000
97396129792.0000000000000000000000000
94998257664.0000000000000000000000000
92669976576.0000000000000000000000000
90404306944.0000000000000000000000000
88202682368.0000000000000000000000000
86063071232.0000000000000000000000000
83981238272.0000000000000000000000000
81957068800.0000000000000000000000000
79988973568.0000000000000000000000000
78074208256.0000000000000000000000000
76212224000.0000000000000000000000000
74399834112.0000000000000000000000000
72637169664.0000000000000000000000000
70921715712.0000000000000000000000000
69253349376.0000000000000000000000000
67628412928.0000000000000000000000000
66047832064.0000000000000000000000000
64509374464.0000000000000000000000000
63011131392.0000000000000000000000000
61552869376.0000000000000000000000000
60133212160.0000000000000000000000000
58749788160.0000000000000000000000000
57403838464.0000000000000000000000000
56092479488.0000000000000000000000000
54815477760.0000000000000000000000000
53571158016.0000000000000000000000000
52359917568.0000000000000000000000000
51179073536.0000000000000000000000000
50029207552.0000000000000000000000000
48908062720.0000000000000000000000000
47816097792.0000000000000000000000000
46751604736.0000000000000000000000000
45713747968.0000000000000000000000000
44702654464.0000000000000000000000000
43716870144.0000000000000000000000000
42756104192.0000000000000000000000000
41819066368.0000000000000000000000000
40905543680.0000000000000000000000000
40014819328.0000000000000000000000000
39146156032.0000000000000000000000000
38298808320.0000000000000000000000000
37472935936.0000000000000000000000000
36666654720.0000000000000000000000000
35880513536.0000000000000000000000000
35113103360.0000000000000000000000000
34364960768.0000000000000000000000000
33634455552.0000000000000000000000000
32922316800.0000000000000000000000000
32226996224.0000000000000000000000000
31548377088.0000000000000000000000000
30886033408.0000000000000000000000000
30239733760.0000000000000000000000000
29608722432.0000000000000000000000000
28992856064.0000000000000000000000000
28391258112.0000000000000000000000000
27804094464.0000000000000000000000000
27230623744.0000000000000000000000000
26670848000.0000000000000000000000000
26124171264.0000000000000000000000000
25589993472.0000000000000000000000000
25068460032.0000000000000000000000000
24559120384.0000000000000000000000000
24061243392.0000000000000000000000000
23575285760.0000000000000000000000000
23100078080.0000000000000000000000000
22636175360.0000000000000000000000000
22182721536.0000000000000000000000000
21739663360.0000000000000000000000000
21306515456.0000000000000000000000000
20883443712.0000000000000000000000000
20469723136.0000000000000000000000000
20065464320.0000000000000000000000000
19670431744.0000000000000000000000000
19284117504.0000000000000000000000000
18906218496.0000000000000000000000000
18537168896.0000000000000000000000000
18176331776.0000000000000000000000000
17823172608.0000000000000000000000000
17478117376.0000000000000000000000000
17140512768.0000000000000000000000000
16810498048.0000000000000000000000000
16487581696.0000000000000000000000000
16171781120.0000000000000000000000000
15862774784.0000000000000000000000000
15560516608.0000000000000000000000000
15264906240.0000000000000000000000000
14975840256.0000000000000000000000000
14692689920.0000000000000000000000000
14415867904.0000000000000000000000000
14144796672.0000000000000000000000000
13879861248.0000000000000000000000000
13620214784.0000000000000000000000000
13366293504.0000000000000000000000000
13117952000.0000000000000000000000000
12874596352.0000000000000000000000000
12636546048.0000000000000000000000000
12403317760.0000000000000000000000000
12175115264.0000000000000000000000000
11951715328.0000000000000000000000000
11732871168.0000000000000000000000000
11518657536.0000000000000000000000000
11309061120.0000000000000000000000000
11103554560.0000000000000000000000000
10902483968.0000000000000000000000000
10705408000.0000000000000000000000000
10512546816.0000000000000000000000000
10323608576.0000000000000000000000000
10138510336.0000000000000000000000000
9957320704.0000000000000000000000000
9779738624.0000000000000000000000000
9605618688.0000000000000000000000000
9435207680.0000000000000000000000000
9268204544.0000000000000000000000000
9104609280.0000000000000000000000000
8944176128.0000000000000000000000000
8786998272.0000000000000000000000000
8633013248.0000000000000000000000000
8482096128.0000000000000000000000000
8334275072.0000000000000000000000000
8189266432.0000000000000000000000000
8047192064.0000000000000000000000000
7907888640.0000000000000000000000000
7771384320.0000000000000000000000000
7637513216.0000000000000000000000000
7506270720.0000000000000000000000000
7377552384.0000000000000000000000000
7251510784.0000000000000000000000000
7127915008.0000000000000000000000000
7006544384.0000000000000000000000000
6887663616.0000000000000000000000000
6771037184.0000000000000000000000000
6656669184.0000000000000000000000000
6544516608.0000000000000000000000000
6434550272.0000000000000000000000000
6326643712.0000000000000000000000000
6220816384.0000000000000000000000000
6117005824.0000000000000000000000000
6015196672.0000000000000000000000000
5915241984.0000000000000000000000000
5817243136.0000000000000000000000000
5721100800.0000000000000000000000000
5626733056.0000000000000000000000000
5534121984.0000000000000000000000000
5443283968.0000000000000000000000000
5354151424.0000000000000000000000000
5266605568.0000000000000000000000000
5180811776.0000000000000000000000000
5096500224.0000000000000000000000000
5013852160.0000000000000000000000000
4932713472.0000000000000000000000000
4853046784.0000000000000000000000000
4774848512.0000000000000000000000000
4698114048.0000000000000000000000000
4622754304.0000000000000000000000000
4548764672.0000000000000000000000000
4476122112.0000000000000000000000000
4404873728.0000000000000000000000000
4334824448.0000000000000000000000000
4266088192.0000000000000000000000000
4198607872.0000000000000000000000000
4132341760.0000000000000000000000000
4067265792.0000000000000000000000000
4003320576.0000000000000000000000000
3940551424.0000000000000000000000000
3878985216.0000000000000000000000000
3818369280.0000000000000000000000000
3758887936.0000000000000000000000000
3700444928.0000000000000000000000000
3643137792.0000000000000000000000000
3586710272.0000000000000000000000000
3531365120.0000000000000000000000000
3476969472.0000000000000000000000000
3423522304.0000000000000000000000000
3371058688.0000000000000000000000000
3319443200.0000000000000000000000000
3268773120.0000000000000000000000000
3218948352.0000000000000000000000000
3170012416.0000000000000000000000000
3121944832.0000000000000000000000000
3074654208.0000000000000000000000000
3028237056.0000000000000000000000000
2982610432.0000000000000000000000000
2937716224.0000000000000000000000000
2893652736.0000000000000000000000000
2850316288.0000000000000000000000000
2807768576.0000000000000000000000000
2765877504.0000000000000000000000000
2724704256.0000000000000000000000000
2684217600.0000000000000000000000000
2644497408.0000000000000000000000000
2605373440.0000000000000000000000000
2566943744.0000000000000000000000000
2529186048.0000000000000000000000000
2492002816.0000000000000000000000000
2455445760.0000000000000000000000000
2419538688.0000000000000000000000000
2384202240.0000000000000000000000000
2349469440.0000000000000000000000000
2315288320.0000000000000000000000000
2281720064.0000000000000000000000000
2248694016.0000000000000000000000000
2216175872.0000000000000000000000000
2184227584.0000000000000000000000000
2152796416.0000000000000000000000000
2121876480.0000000000000000000000000
2091452672.0000000000000000000000000
2061567872.0000000000000000000000000
2032139264.0000000000000000000000000
2003190016.0000000000000000000000000
1974704384.0000000000000000000000000
1946667008.0000000000000000000000000
1919149056.0000000000000000000000000
1892028032.0000000000000000000000000
1865375616.0000000000000000000000000
1839107328.0000000000000000000000000
1813265536.0000000000000000000000000
1787863296.0000000000000000000000000
1762845056.0000000000000000000000000
1738253184.0000000000000000000000000
1714012032.0000000000000000000000000
1690198528.0000000000000000000000000
1666741504.0000000000000000000000000
1643653888.0000000000000000000000000
1620953344.0000000000000000000000000
1598578048.0000000000000000000000000
1576580352.0000000000000000000000000
1554898304.0000000000000000000000000
1533574272.0000000000000000000000000
1512575744.0000000000000000000000000
1491940736.0000000000000000000000000
1471585920.0000000000000000000000000
1451554048.0000000000000000000000000
1423353728.0000000000000000000000000
1385097856.0000000000000000000000000
1348014976.0000000000000000000000000
1312063872.0000000000000000000000000
1277197184.0000000000000000000000000
1243381888.0000000000000000000000000
1210602496.0000000000000000000000000
1178793600.0000000000000000000000000
1147946112.0000000000000000000000000
1118011008.0000000000000000000000000
1088964736.0000000000000000000000000
1060783488.0000000000000000000000000
1033434496.0000000000000000000000000
1006873856.0000000000000000000000000
981105088.0000000000000000000000000
956080448.0000000000000000000000000
931780928.0000000000000000000000000
908184448.0000000000000000000000000
885279424.0000000000000000000000000
863015488.0000000000000000000000000
841403264.0000000000000000000000000
820402368.0000000000000000000000000
799993984.0000000000000000000000000
780172480.0000000000000000000000000
760907264.0000000000000000000000000
742173888.0000000000000000000000000
723984192.0000000000000000000000000
706283648.0000000000000000000000000
689083456.0000000000000000000000000
672367744.0000000000000000000000000
656103424.0000000000000000000000000
640289600.0000000000000000000000000
624913856.0000000000000000000000000
609954752.0000000000000000000000000
595408000.0000000000000000000000000
581248704.0000000000000000000000000
567477888.0000000000000000000000000
554075904.0000000000000000000000000
541041792.0000000000000000000000000
528346976.0000000000000000000000000
515998688.0000000000000000000000000
503979488.0000000000000000000000000
492274464.0000000000000000000000000
480881792.0000000000000000000000000
469790720.0000000000000000000000000
458982720.0000000000000000000000000
448467488.0000000000000000000000000
438222496.0000000000000000000000000
428245920.0000000000000000000000000
418524672.0000000000000000000000000
409061856.0000000000000000000000000
399836512.0000000000000000000000000
390853184.0000000000000000000000000
382094240.0000000000000000000000000
373563264.0000000000000000000000000
365246912.0000000000000000000000000
357138656.0000000000000000000000000
349239488.0000000000000000000000000
341538048.0000000000000000000000000
334032064.0000000000000000000000000
326711456.0000000000000000000000000
319574560.0000000000000000000000000
312615776.0000000000000000000000000
305829344.0000000000000000000000000
299209440.0000000000000000000000000
292757312.0000000000000000000000000
286458240.0000000000000000000000000
280316512.0000000000000000000000000
274321120.0000000000000000000000000
268476256.0000000000000000000000000
262769184.0000000000000000000000000
257205600.0000000000000000000000000
251773408.0000000000000000000000000
246471696.0000000000000000000000000
241297136.0000000000000000000000000
236247920.0000000000000000000000000
231318144.0000000000000000000000000
226506688.0000000000000000000000000
221806704.0000000000000000000000000
217219488.0000000000000000000000000
212739248.0000000000000000000000000
208366000.0000000000000000000000000
204095088.0000000000000000000000000
199921824.0000000000000000000000000
195847344.0000000000000000000000000
191868128.0000000000000000000000000
187978464.0000000000000000000000000
184181920.0000000000000000000000000
180469360.0000000000000000000000000
176845120.0000000000000000000000000
173302512.0000000000000000000000000
169841120.0000000000000000000000000
166457152.0000000000000000000000000
163151904.0000000000000000000000000
159919712.0000000000000000000000000
156761440.0000000000000000000000000
153675248.0000000000000000000000000
150657168.0000000000000000000000000
147704832.0000000000000000000000000
144821632.0000000000000000000000000
142002592.0000000000000000000000000
139243536.0000000000000000000000000
136547792.0000000000000000000000000
133910256.0000000000000000000000000
131332016.0000000000000000000000000
128809232.0000000000000000000000000
126342040.0000000000000000000000000
123927928.0000000000000000000000000
121566536.0000000000000000000000000
119257080.0000000000000000000000000
116998752.0000000000000000000000000
114786640.0000000000000000000000000
112623968.0000000000000000000000000
110506224.0000000000000000000000000
108436416.0000000000000000000000000
106407928.0000000000000000000000000
104424168.0000000000000000000000000
102484000.0000000000000000000000000
100582784.0000000000000000000000000
98723016.0000000000000000000000000
96900920.0000000000000000000000000
95118088.0000000000000000000000000
93372776.0000000000000000000000000
91663056.0000000000000000000000000
89989512.0000000000000000000000000
88352040.0000000000000000000000000
86746520.0000000000000000000000000
85175656.0000000000000000000000000
83636000.0000000000000000000000000
82129272.0000000000000000000000000
80653192.0000000000000000000000000
79207112.0000000000000000000000000
77791568.0000000000000000000000000
76404208.0000000000000000000000000
75043896.0000000000000000000000000
73712560.0000000000000000000000000
72407848.0000000000000000000000000
71129760.0000000000000000000000000
69876376.0000000000000000000000000
68648424.0000000000000000000000000
67445416.0000000000000000000000000
66266376.0000000000000000000000000
65111524.0000000000000000000000000
63978644.0000000000000000000000000
62868688.0000000000000000000000000
61780380.0000000000000000000000000
60713940.0000000000000000000000000
59668072.0000000000000000000000000
58642740.0000000000000000000000000
57637128.0000000000000000000000000
56652428.0000000000000000000000000
55686836.0000000000000000000000000
54738628.0000000000000000000000000
53809872.0000000000000000000000000
52898728.0000000000000000000000000
52005228.0000000000000000000000000
51129036.0000000000000000000000000
50269924.0000000000000000000000000
49426904.0000000000000000000000000
48600128.0000000000000000000000000
47789108.0000000000000000000000000
46993724.0000000000000000000000000
46212828.0000000000000000000000000
45447212.0000000000000000000000000
44696100.0000000000000000000000000
43958852.0000000000000000000000000
43235328.0000000000000000000000000
42525656.0000000000000000000000000
41829308.0000000000000000000000000
41145356.0000000000000000000000000
40475092.0000000000000000000000000
39816408.0000000000000000000000000
39170720.0000000000000000000000000
38536824.0000000000000000000000000
37914428.0000000000000000000000000
37303504.0000000000000000000000000
36704016.0000000000000000000000000
36115268.0000000000000000000000000
35537224.0000000000000000000000000
34969704.0000000000000000000000000
34413076.0000000000000000000000000
33865816.0000000000000000000000000
33328814.0000000000000000000000000
32801624.0000000000000000000000000
32283920.0000000000000000000000000
31775514.0000000000000000000000000
31275942.0000000000000000000000000
30785558.0000000000000000000000000
30304572.0000000000000000000000000
29831010.0000000000000000000000000
29366312.0000000000000000000000000
28909726.0000000000000000000000000
28462014.0000000000000000000000000
28021174.0000000000000000000000000
27588790.0000000000000000000000000
27163824.0000000000000000000000000
26746268.0000000000000000000000000
26336396.0000000000000000000000000
25933150.0000000000000000000000000
25537290.0000000000000000000000000
25148034.0000000000000000000000000
24765722.0000000000000000000000000
24390194.0000000000000000000000000
24020736.0000000000000000000000000
23658102.0000000000000000000000000
23301644.0000000000000000000000000
22950908.0000000000000000000000000
22606662.0000000000000000000000000
22268096.0000000000000000000000000
21935692.0000000000000000000000000
21608418.0000000000000000000000000
21286752.0000000000000000000000000
20970450.0000000000000000000000000
20660136.0000000000000000000000000
20354480.0000000000000000000000000
20054248.0000000000000000000000000
19759266.0000000000000000000000000
19468772.0000000000000000000000000
19183170.0000000000000000000000000
18902646.0000000000000000000000000
18626580.0000000000000000000000000
18355230.0000000000000000000000000
18088190.0000000000000000000000000
17825938.0000000000000000000000000
17567922.0000000000000000000000000
17313874.0000000000000000000000000
17064278.0000000000000000000000000
16818722.0000000000000000000000000
16577160.0000000000000000000000000
16339474.0000000000000000000000000
16105999.0000000000000000000000000
15876088.0000000000000000000000000
15649922.0000000000000000000000000
15427378.0000000000000000000000000
15208336.0000000000000000000000000
14993352.0000000000000000000000000
14781469.0000000000000000000000000
14573247.0000000000000000000000000
14368026.0000000000000000000000000
14166137.0000000000000000000000000
13967682.0000000000000000000000000
13772227.0000000000000000000000000
13580103.0000000000000000000000000
13390719.0000000000000000000000000
13204676.0000000000000000000000000
13021418.0000000000000000000000000
12841046.0000000000000000000000000
12663698.0000000000000000000000000
12488891.0000000000000000000000000
12317034.0000000000000000000000000
12147643.0000000000000000000000000
11981049.0000000000000000000000000
11816998.0000000000000000000000000
11655787.0000000000000000000000000
11496765.0000000000000000000000000
11340266.0000000000000000000000000
11119951.0000000000000000000000000
10821077.0000000000000000000000000
10531367.0000000000000000000000000
10250499.0000000000000000000000000
9978103.0000000000000000000000000
9713921.0000000000000000000000000
9457832.0000000000000000000000000
9209325.0000000000000000000000000
8968329.0000000000000000000000000
8734461.0000000000000000000000000
8507537.0000000000000000000000000
8287371.0000000000000000000000000
8073707.0000000000000000000000000
7866202.0000000000000000000000000
7664883.5000000000000000000000000
7469378.5000000000000000000000000
7279538.5000000000000000000000000
7095191.0000000000000000000000000
6916245.5000000000000000000000000
6742308.5000000000000000000000000
6573463.0000000000000000000000000
6409393.5000000000000000000000000
6249953.0000000000000000000000000
6095097.5000000000000000000000000
5944588.0000000000000000000000000
5798233.5000000000000000000000000
5656126.5000000000000000000000000
5517841.0000000000000000000000000
5383464.5000000000000000000000000
5252873.0000000000000000000000000
5125808.0000000000000000000000000
5002262.5000000000000000000000000
4882139.5000000000000000000000000
4765271.5000000000000000000000000
4651625.0000000000000000000000000
4541005.5000000000000000000000000
4433421.0000000000000000000000000
4328718.0000000000000000000000000
4226889.0000000000000000000000000
4127710.7500000000000000000000000
4031239.7500000000000000000000000
3937339.7500000000000000000000000
3845894.2500000000000000000000000
3756889.0000000000000000000000000
3670240.0000000000000000000000000
3585802.5000000000000000000000000
3503652.2500000000000000000000000
3423613.2500000000000000000000000
3345671.2500000000000000000000000
3269724.0000000000000000000000000
3195795.7500000000000000000000000
3123722.7500000000000000000000000
3053540.5000000000000000000000000
2985111.2500000000000000000000000
2918463.0000000000000000000000000
2853491.5000000000000000000000000
2790145.7500000000000000000000000
2728433.5000000000000000000000000
2668266.0000000000000000000000000
2609625.5000000000000000000000000
2552433.2500000000000000000000000
2496676.2500000000000000000000000
2442310.7500000000000000000000000
2389291.7500000000000000000000000
2337573.7500000000000000000000000
2287166.5000000000000000000000000
2237955.0000000000000000000000000
2189972.7500000000000000000000000
2143133.7500000000000000000000000
2097470.7500000000000000000000000
2052884.2500000000000000000000000
2009418.7500000000000000000000000
1966979.7500000000000000000000000
1925560.1250000000000000000000000
1885133.8750000000000000000000000
1845686.8750000000000000000000000
1807173.0000000000000000000000000
1769583.5000000000000000000000000
1732864.8750000000000000000000000
1697027.2500000000000000000000000
1662025.3750000000000000000000000
1627859.3750000000000000000000000
1594492.8750000000000000000000000
1561889.2500000000000000000000000
1530057.3750000000000000000000000
1498969.7500000000000000000000000
1468581.7500000000000000000000000
1438921.2500000000000000000000000
1409916.8750000000000000000000000
1381602.5000000000000000000000000
1353925.8750000000000000000000000
1326883.7500000000000000000000000
1300446.5000000000000000000000000
1274624.2500000000000000000000000
1249372.7500000000000000000000000
1224698.7500000000000000000000000
1200587.8750000000000000000000000
1177009.1250000000000000000000000
1153944.0000000000000000000000000
1131419.0000000000000000000000000
1109395.2500000000000000000000000
1087840.1250000000000000000000000
1066779.6250000000000000000000000
1046173.8750000000000000000000000
1026031.3750000000000000000000000
1006322.1250000000000000000000000
987047.1875000000000000000000000
968186.9375000000000000000000000
949738.5625000000000000000000000
931695.9375000000000000000000000
914052.7500000000000000000000000
896770.6250000000000000000000000
879874.7500000000000000000000000
863329.8750000000000000000000000
847159.5000000000000000000000000
831311.9375000000000000000000000
815813.8125000000000000000000000
800656.2500000000000000000000000
785803.0000000000000000000000000
771273.5625000000000000000000000
757038.4375000000000000000000000
743110.0625000000000000000000000
729474.8125000000000000000000000
716117.6250000000000000000000000
703043.0625000000000000000000000
690250.3125000000000000000000000
677707.1875000000000000000000000
665434.8125000000000000000000000
653406.2500000000000000000000000
641634.9375000000000000000000000
630103.0625000000000000000000000
618805.5625000000000000000000000
607746.6250000000000000000000000
596907.8750000000000000000000000
586280.4375000000000000000000000
575879.3750000000000000000000000
565686.3125000000000000000000000
555701.2500000000000000000000000
545909.1875000000000000000000000
536315.8125000000000000000000000
526917.3125000000000000000000000
517706.0625000000000000000000000
508683.7812500000000000000000000
499833.1562500000000000000000000
491161.6250000000000000000000000
482659.2187500000000000000000000
474327.6562500000000000000000000
466156.8125000000000000000000000
458146.4062500000000000000000000
450290.0625000000000000000000000
442597.0937500000000000000000000
435053.4062500000000000000000000
427645.5312500000000000000000000
420389.6250000000000000000000000
413271.3125000000000000000000000
406290.8437500000000000000000000
399445.5937500000000000000000000
392733.7812500000000000000000000
386147.6875000000000000000000000
379688.5000000000000000000000000
373352.4062500000000000000000000
367138.4687500000000000000000000
361037.7187500000000000000000000
355056.3437500000000000000000000
349188.2812500000000000000000000
343428.5312500000000000000000000
337776.0000000000000000000000000
332231.6875000000000000000000000
326791.4687500000000000000000000
321448.0937500000000000000000000
316211.6562500000000000000000000
311065.6875000000000000000000000
306021.2500000000000000000000000
301068.9375000000000000000000000
296206.4687500000000000000000000
291433.6250000000000000000000000
286750.1250000000000000000000000
282150.5312500000000000000000000
277634.5625000000000000000000000
273200.8125000000000000000000000
268852.1562500000000000000000000
264576.6875000000000000000000000
260381.3593750000000000000000000
256262.6875000000000000000000000
252218.1250000000000000000000000
248246.2031250000000000000000000
244343.2968750000000000000000000
240512.1718750000000000000000000
236754.4687500000000000000000000
233054.7656250000000000000000000
229424.3125000000000000000000000
225857.2343750000000000000000000
222359.4843750000000000000000000
218915.4218750000000000000000000
215537.4218750000000000000000000
212217.3750000000000000000000000
208955.2187500000000000000000000
205753.0937500000000000000000000
202602.7343750000000000000000000
199510.0781250000000000000000000
196469.0156250000000000000000000
193482.2031250000000000000000000
190548.3906250000000000000000000
187662.0000000000000000000000000
184828.9218750000000000000000000
182044.0937500000000000000000000
179303.9687500000000000000000000
176614.5468750000000000000000000
173969.5000000000000000000000000
171372.5937500000000000000000000
168815.7656250000000000000000000
166302.7500000000000000000000000
163831.6406250000000000000000000
161407.3125000000000000000000000
159019.3750000000000000000000000
156673.8125000000000000000000000
154369.2656250000000000000000000
152099.7812500000000000000000000
149868.5156250000000000000000000
147676.9218750000000000000000000
145520.1562500000000000000000000
143400.2343750000000000000000000
141313.9843750000000000000000000
139265.1406250000000000000000000
137249.3906250000000000000000000
135264.6406250000000000000000000
133314.6718750000000000000000000
131396.2656250000000000000000000
129509.0625000000000000000000000
127652.1406250000000000000000000
125828.1171875000000000000000000
124031.9375000000000000000000000
122265.0156250000000000000000000
120526.3906250000000000000000000
118815.1250000000000000000000000
117135.5625000000000000000000000
115480.2265625000000000000000000
113853.4921875000000000000000000
112250.2031250000000000000000000
110672.9453125000000000000000000
109122.5156250000000000000000000
107595.5234375000000000000000000
106094.5546875000000000000000000
104614.9921875000000000000000000
103161.5312500000000000000000000
101729.8281250000000000000000000
100320.6718750000000000000000000
98935.1406250000000000000000000
97569.4609375000000000000000000
96226.8281250000000000000000000
94903.4609375000000000000000000
93601.9453125000000000000000000
92320.2968750000000000000000000
91060.8359375000000000000000000
89818.4765625000000000000000000
88595.8281250000000000000000000
86874.6171875000000000000000000
84539.6640625000000000000000000
82276.3046875000000000000000000
80082.0234375000000000000000000
77953.9296875000000000000000000
75890.0078125000000000000000000
73889.3125000000000000000000000
71947.8515625000000000000000000
70065.0703125000000000000000000
68237.9765625000000000000000000
66465.1328125000000000000000000
64745.0859375000000000000000000
63075.8359375000000000000000000
61454.7031250000000000000000000
59881.9023437500000000000000000
58354.5195312500000000000000000
56871.3945312500000000000000000
55431.1796875000000000000000000
54033.1679687500000000000000000
52674.2851562500000000000000000
51355.1796875000000000000000000
50073.3867187500000000000000000
48827.7578125000000000000000000
47617.9492187500000000000000000
46442.0937500000000000000000000
45298.6992187500000000000000000
44188.4882812500000000000000000
43108.1328125000000000000000000
42058.3164062500000000000000000
41038.0703125000000000000000000
40045.3750000000000000000000000
39080.1757812500000000000000000
38141.7148437500000000000000000
37228.6835937500000000000000000
36340.8203125000000000000000000
35476.6054687500000000000000000
34636.1015625000000000000000000
33818.1093750000000000000000000
33022.5703125000000000000000000
32247.7402343750000000000000000
31494.0605468750000000000000000
30760.4667968750000000000000000
30046.0488281250000000000000000
29350.6953125000000000000000000
28673.7500000000000000000000000
28014.0820312500000000000000000
27372.2832031250000000000000000
26746.9785156250000000000000000
26138.0566406250000000000000000
25544.7187500000000000000000000
24967.1542968750000000000000000
24404.0839843750000000000000000
23855.7851562500000000000000000
23321.1816406250000000000000000
22800.4921875000000000000000000
22292.9023437500000000000000000
21798.0136718750000000000000000
21315.8867187500000000000000000
20845.8281250000000000000000000
20387.6992187500000000000000000
19940.8847656250000000000000000
19505.2832031250000000000000000
19080.5527343750000000000000000
18666.3417968750000000000000000
18262.2949218750000000000000000
17868.4882812500000000000000000
17484.0234375000000000000000000
17109.1621093750000000000000000
16743.2324218750000000000000000
16386.4902343750000000000000000
16038.1582031250000000000000000
15698.5839843750000000000000000
15367.0292968750000000000000000
15043.4384765625000000000000000
14727.6083984375000000000000000
14419.4287109375000000000000000
14118.5390625000000000000000000
13824.8710937500000000000000000
13538.0068359375000000000000000
13258.0253906250000000000000000
12984.5732421875000000000000000
12717.6513671875000000000000000
12456.9755859375000000000000000
12202.2597656250000000000000000
11953.5732421875000000000000000
11710.7011718750000000000000000
11473.2949218750000000000000000
11241.5722656250000000000000000
11014.9755859375000000000000000
10793.7695312500000000000000000
10577.5458984375000000000000000
10366.2792968750000000000000000
10159.7382812500000000000000000
9958.0019531250000000000000000
9760.7246093750000000000000000
9567.9589843750000000000000000
9379.5927734375000000000000000
9195.3837890625000000000000000
9015.1875000000000000000000000
8839.2109375000000000000000000
8667.1503906250000000000000000
8498.7509765625000000000000000
8334.2158203125000000000000000
8173.2333984375000000000000000
8015.8701171875000000000000000
7861.8916015625000000000000000
7711.3061523437500000000000000
7563.9604492187500000000000000
7419.8325195312500000000000000
7278.8745117187500000000000000
7141.0371093750000000000000000
7006.0205078125000000000000000
6874.0214843750000000000000000
6744.7646484375000000000000000
6618.4335937500000000000000000
6494.6245117187500000000000000
6373.5454101562500000000000000
6255.1269531250000000000000000
6139.0859375000000000000000000
6025.5747070312500000000000000
5914.3627929687500000000000000
5805.5473632812500000000000000
5699.0219726562500000000000000
5594.6689453125000000000000000
5492.5239257812500000000000000
5392.5805664062500000000000000
5294.5874023437500000000000000
5198.7094726562500000000000000
5104.7363281250000000000000000
5012.7729492187500000000000000
4922.6801757812500000000000000
4834.4184570312500000000000000
4748.0205078125000000000000000
4663.3427734375000000000000000
4580.3159179687500000000000000
4499.0576171875000000000000000
4419.4243164062500000000000000
4341.4160156250000000000000000
4264.9155273437500000000000000
4189.9672851562500000000000000
4116.5415039062500000000000000
4044.5786132812500000000000000
3974.0920410156250000000000000
3904.9465332031250000000000000
3837.2001953125000000000000000
3770.7751464843750000000000000
3705.6848144531250000000000000
3641.8500976562500000000000000
3579.2687988281250000000000000
3517.8911132812500000000000000
3457.7897949218750000000000000
3398.8547363281250000000000000
3340.9807128906250000000000000
3284.2939453125000000000000000
3228.6821289062500000000000000
3174.1472167968750000000000000
3120.6687011718750000000000000
3068.2326660156250000000000000
3016.7788085937500000000000000
2966.3164062500000000000000000
2916.8156738281250000000000000
2868.2692871093750000000000000
2820.6071777343750000000000000
2773.8776855468750000000000000
2728.0334472656250000000000000
2683.0354003906250000000000000
2638.8750000000000000000000000
2595.5600585937500000000000000
2553.0583496093750000000000000
2511.3132324218750000000000000
2470.4035644531250000000000000
2430.2006835937500000000000000
2390.7910156250000000000000000
2352.1010742187500000000000000
2314.1130371093750000000000000
2276.8251953125000000000000000
2240.2353515625000000000000000
2204.3010253906250000000000000
2169.0200195312500000000000000
2134.3813476562500000000000000
2100.4074707031250000000000000
2067.0053710937500000000000000
2034.2293701171875000000000000
2002.0522460937500000000000000
1970.4541015625000000000000000
1939.4234619140625000000000000
1908.9320068359375000000000000
1879.0013427734375000000000000
1849.6442871093750000000000000
1820.7403564453125000000000000
1792.3774414062500000000000000
1764.5096435546875000000000000
1737.1834716796875000000000000
1710.2767333984375000000000000
1683.8861083984375000000000000
1657.9482421875000000000000000
1632.4626464843750000000000000
1607.4460449218750000000000000
1582.8338623046875000000000000
1558.6724853515625000000000000
1534.9141845703125000000000000
1511.5797119140625000000000000
1488.6593017578125000000000000
1466.1093750000000000000000000
1443.9759521484375000000000000
1422.2194824218750000000000000
1400.8122558593750000000000000
1379.8011474609375000000000000
1359.1367187500000000000000000
1338.8483886718750000000000000
1318.8731689453125000000000000
1299.2402343750000000000000000
1279.9346923828125000000000000
1260.9946289062500000000000000
1242.3388671875000000000000000
1224.0141601562500000000000000
1206.0098876953125000000000000
1188.2795410156250000000000000
1170.8477783203125000000000000
1153.7259521484375000000000000
1136.8762207031250000000000000
1120.3143310546875000000000000
1104.0155029296875000000000000
1088.0089111328125000000000000
1072.2608642578125000000000000
1056.7550048828125000000000000
1041.5208740234375000000000000
1026.5333251953125000000000000
1011.7895507812500000000000000
997.2823486328125000000000000
983.0321655273437500000000000
968.9995117187500000000000000
955.1954345703125000000000000
941.6124267578125000000000000
928.2431640625000000000000000
915.1215820312500000000000000
902.1892700195312500000000000
889.4804077148437500000000000
876.9547119140625000000000000
864.6323852539062500000000000
852.5196533203125000000000000
840.5900268554687500000000000
828.8637084960937500000000000
817.3046264648437500000000000
805.9494628906250000000000000
794.7642822265625000000000000
783.7552490234375000000000000
772.9307861328125000000000000
762.2614135742187500000000000
751.7720947265625000000000000
741.4332885742187500000000000
731.2651977539062500000000000
721.2523193359375000000000000
711.4127807617187500000000000
701.7068481445312500000000000
692.1549072265625000000000000
678.7079467773437500000000000
660.4661254882812500000000000
642.7836303710937500000000000
625.6408081054687500000000000
609.0150756835937500000000000
592.8906860351562500000000000
577.2602539062500000000000000
562.0925903320312500000000000
547.3833618164062500000000000
533.1091918945312500000000000
519.2588500976562500000000000
505.8209838867187500000000000
492.7799682617187500000000000
480.1148681640625000000000000
467.8273620605468750000000000
455.8946838378906250000000000
444.3077697753906250000000000
433.0560913085937500000000000
422.1341247558593750000000000
411.5178527832031250000000000
401.2123413085937500000000000
391.1983337402343750000000000
381.4668579101562500000000000
372.0152282714843750000000000
362.8288574218750000000000000
353.8960876464843750000000000
345.2225646972656250000000000
336.7822875976562500000000000
328.5805969238281250000000000
320.6099243164062500000000000
312.8544921875000000000000000
305.3138732910156250000000000
297.9821472167968750000000000
290.8490905761718750000000000
283.9126586914062500000000000
277.1609802246093750000000000
270.5945434570312500000000000
264.2039794921875000000000000
257.9888305664062500000000000
251.9354705810546875000000000
246.0473480224609375000000000
240.3161468505859375000000000
234.7347564697265625000000000
229.3023071289062500000000000
224.0136718750000000000000000
218.8600158691406250000000000
213.8459625244140625000000000
208.9607696533203125000000000
204.2035675048828125000000000
199.5681152343750000000000000
195.0558929443359375000000000
190.6569061279296875000000000
186.3733215332031250000000000
182.1967315673828125000000000
178.1288452148437500000000000
174.1632995605468750000000000
170.2969818115234375000000000
166.5303649902343750000000000
162.8580322265625000000000000
159.2789001464843750000000000
155.7881622314453125000000000
152.3850250244140625000000000
149.0668182373046875000000000
145.8307952880859375000000000
142.6741790771484375000000000
139.5975646972656250000000000
136.5939331054687500000000000
133.6653289794921875000000000
130.8065032958984375000000000
128.0194549560546875000000000
125.2981109619140625000000000
122.6451873779296875000000000
120.0549163818359375000000000
117.5268630981445312500000000
115.0594406127929687500000000
112.6517868041992187500000000
110.3010864257812500000000000
108.0068054199218750000000000
105.7656784057617187500000000
103.5783233642578125000000000
101.4419784545898437500000000
99.3566513061523437500000000
97.3201217651367187500000000
95.3301544189453125000000000
93.3872909545898437500000000
91.4898529052734375000000000
89.6351165771484375000000000
87.8247833251953125000000000
86.0544967651367187500000000
84.3263244628906250000000000
82.6370773315429687500000000
80.9865570068359375000000000
79.3729553222656250000000000
77.7968902587890625000000000
76.2556610107421875000000000
74.7496795654296875000000000
73.2780685424804687500000000
71.8389358520507812500000000
70.4311523437500000000000000
69.0563354492187500000000000
67.7121124267578125000000000
66.3964920043945312500000000
65.1110610961914062500000000
63.8533859252929687500000000
62.6239852905273437500000000
61.4210281372070312500000000
60.2445793151855468750000000
59.0934410095214843750000000
57.9674415588378906250000000
56.8662071228027343750000000
55.7893524169921875000000000
54.7345352172851562500000000
53.7032928466796875000000000
52.6934738159179687500000000
51.7065124511718750000000000
50.7392539978027343750000000
49.7933235168457031250000000
48.8681793212890625000000000
47.9616088867187500000000000
47.0748023986816406250000000
46.2059593200683593750000000
45.3558387756347656250000000
44.5236091613769531250000000
43.7083511352539062500000000
42.9103431701660156250000000
42.1295356750488281250000000
41.3639640808105468750000000
40.6149177551269531250000000
39.8807525634765625000000000
39.1622886657714843750000000
38.4584388732910156250000000
37.7688941955566406250000000
37.0939102172851562500000000
36.4323654174804687500000000
35.7837181091308593750000000
35.1488876342773437500000000
34.5267524719238281250000000
33.9173126220703125000000000
33.3196525573730468750000000
32.7341194152832031250000000
32.1604804992675781250000000
31.5982704162597656250000000
31.0475940704345703125000000
30.5073947906494140625000000
29.9781265258789062500000000
29.4591808319091796875000000
28.9506626129150390625000000
28.4519538879394531250000000
27.9630374908447265625000000
27.4835243225097656250000000
27.0139827728271484375000000
26.5535526275634765625000000
26.1014118194580078125000000
25.6585464477539062500000000
25.2240791320800781250000000
24.7980251312255859375000000
24.3802242279052734375000000
23.9705677032470703125000000
23.5685844421386718750000000
23.1743469238281250000000000
22.7876224517822265625000000
22.4083538055419921875000000
22.0359935760498046875000000
21.6709194183349609375000000
21.3127613067626953125000000
20.9612140655517578125000000
20.6162109375000000000000000
20.2778129577636718750000000
19.9457683563232421875000000
19.6196346282958984375000000
19.3000278472900390625000000
18.9859428405761718750000000
18.6780548095703125000000000
18.3757896423339843750000000
18.0790081024169921875000000
17.7876968383789062500000000
17.5018386840820312500000000
17.2211017608642578125000000
16.9454689025878906250000000
16.6748542785644531250000000
16.4094333648681640625000000
16.1484794616699218750000000
15.8924169540405273437500000
15.6410331726074218750000000
15.3941726684570312500000000
15.1517457962036132812500000
14.9135313034057617187500000
14.6796979904174804687500000
14.4503459930419921875000000
14.2245340347290039062500000
14.0029487609863281250000000
13.7852315902709960937500000
13.5717458724975585937500000
13.3615369796752929687500000
13.1553602218627929687500000
12.9527206420898437500000000
12.7536144256591796875000000
12.5581722259521484375000000
12.3658895492553710937500000
12.1771287918090820312500000
11.9915170669555664062500000
11.8092164993286132812500000
11.6301507949829101562500000
11.4539794921875000000000000
11.2810621261596679687500000
11.1110897064208984375000000
10.9438457489013671875000000
10.7796964645385742187500000
10.6182556152343750000000000
10.4597530364990234375000000
10.3036966323852539062500000
10.1503143310546875000000000
9.9994897842407226562500000
9.8515205383300781250000000
9.7057723999023437500000000
9.5626106262207031250000000
9.4219522476196289062500000
9.2834339141845703125000000
9.1472482681274414062500000
9.0134840011596679687500000
8.8818454742431640625000000
8.7524557113647460937500000
8.6251211166381835937500000
8.5000696182250976562500000
8.3770380020141601562500000
8.2558984756469726562500000
8.1368818283081054687500000
8.0197916030883789062500000
7.9046058654785156250000000
7.7912683486938476562500000
7.6799387931823730468750000
7.5703086853027343750000000
7.4624643325805664062500000
7.3563470840454101562500000
7.2518997192382812500000000
7.1493873596191406250000000
7.0483536720275878906250000
6.9490656852722167968750000
6.8512086868286132812500000
6.7549405097961425781250000
6.6603097915649414062500000
6.5671095848083496093750000
6.4754977226257324218750000
6.3851923942565917968750000
6.2964801788330078125000000
6.2090959548950195312500000
6.1230878829956054687500000
6.0385217666625976562500000
5.9551672935485839843750000
5.8732194900512695312500000
5.7924475669860839843750000
5.7130093574523925781250000
5.6347837448120117187500000
5.5579123497009277343750000
5.4820847511291503906250000
5.4074602127075195312500000
5.3024058341979980468750000
5.1598916053771972656250000
5.0217471122741699218750000
4.8878188133239746093750000
4.7579302787780761718750000
4.6319584846496582031250000
4.5098457336425781250000000
4.3913483619689941406250000
4.2764325141906738281250000
4.1649155616760253906250000
4.0567097663879394531250000
3.9517264366149902343750000
3.8498435020446777343750000
3.7508974075317382812500000
3.6549012660980224609375000
3.5616772174835205078125000
3.4711544513702392578125000
3.3832507133483886718750000
3.2979228496551513671875000
3.2149832248687744140625000
3.1344714164733886718750000
3.0562369823455810546875000
2.9802098274230957031250000
2.9063689708709716796875000
2.8346004486083984375000000
2.7648131847381591796875000
2.6970512866973876953125000
2.6311116218566894531250000
2.5670359134674072265625000
2.5047650337219238281250000
2.4441757202148437500000000
2.3852646350860595703125000
2.3279855251312255859375000
2.2722585201263427734375000
2.2180676460266113281250000
2.1653201580047607421875000
2.1140198707580566406250000
2.0640935897827148437500000
2.0155377388000488281250000
1.9682458639144897460937500
1.9222449064254760742187500
1.8774698972702026367187500
1.8338652849197387695312500
1.7914242744445800781250000
1.7501068115234375000000000
1.7098438739776611328125000
1.6706715822219848632812500
1.6325060129165649414062500
1.5953403711318969726562500
1.5591259002685546875000000
1.5238741636276245117187500
1.4895070791244506835937500
1.4560415744781494140625000
1.4234119653701782226562500
1.3916316032409667968750000
1.3606507778167724609375000
1.3304451704025268554687500
1.3010184764862060546875000
1.2723283767700195312500000
1.2443664073944091796875000
1.2170950174331665039062500
1.1905080080032348632812500
1.1645845174789428710937500
1.1393030881881713867187500
1.1146420240402221679687500
1.0906059741973876953125000
1.0671401023864746093750000
1.0442603826522827148437500
1.0219258069992065429687500
1.0001519918441772460937500
0.9788914918899536132812500
0.9581655263900756835937500
0.9379290342330932617187500
0.9181786179542541503906250
0.8989018797874450683593750
0.8800920844078063964843750
0.8617272377014160156250000
0.8438031673431396484375000
0.8262943625450134277343750
0.8092056512832641601562500
0.7925154566764831542968750
0.7762238383293151855468750
0.7603134512901306152343750
0.7447668313980102539062500
0.7295882105827331542968750
0.7147644758224487304687500
0.7002743482589721679687500
0.6861311197280883789062500
0.6723007559776306152343750
0.6587994098663330078125000
0.6456021666526794433593750
0.6327074766159057617187500
0.6201012134552001953125000
0.6077882051467895507812500
0.5957473516464233398437500
0.5839818716049194335937500
0.5724849104881286621093750
0.5612416863441467285156250
0.5502433776855468750000000
0.5395026206970214843750000
0.5290008783340454101562500
0.5187225937843322753906250
0.5086801648139953613281250
0.4988545775413513183593750
0.4892498850822448730468750
0.4798517823219299316406250
0.4706607758998870849609375
0.4616675078868865966796875
0.4528706371784210205078125
0.4442672431468963623046875
0.4358543157577514648437500
0.4276135563850402832031250
0.4195569753646850585937500
0.4116677641868591308593750
0.4039571285247802734375000
0.3964004218578338623046875
0.3890103399753570556640625
0.3817826509475708007812500
0.3747000694274902343750000
0.3677718937397003173828125
0.3609840571880340576171875
0.3543424904346466064453125
0.3478406965732574462890625
0.3414714932441711425781250
0.3352370560169219970703125
0.3291369974613189697265625
0.3231559693813323974609375
0.3173040449619293212890625
0.3115683794021606445312500
0.3059553802013397216796875
0.3004565536975860595703125
0.2950694859027862548828125
0.2897961735725402832031250
0.2846278548240661621093750
0.2795602977275848388671875
0.2746006846427917480468750
0.2697402536869049072265625
0.2649790048599243164062500
0.2603097856044769287109375
0.2557353079319000244140625
0.2512537539005279541015625
0.2468614876270294189453125
0.2425593286752700805664063
0.2383390218019485473632813
0.2342041134834289550781250
0.2301498502492904663085938
0.2261770516633987426757813
0.2222808897495269775390625
0.2184612303972244262695313
0.2147150337696075439453125
0.2110467404127120971679688
0.2074496299028396606445313
0.2039172798395156860351563
0.2004573941230773925781250
0.1970631182193756103515625
0.1937345713376998901367188
0.1904705017805099487304688
0.1872700601816177368164063
0.1841295659542083740234375
0.1810495853424072265625000
0.1780283004045486450195313
0.1750652641057968139648438
0.1721561998128890991210938
0.1693040579557418823242188
0.1665059477090835571289063
0.1637594848871231079101563
0.1610641479492187500000000
0.1584204137325286865234375
0.1558263152837753295898438
0.1532783955335617065429688
0.1507814675569534301757813
0.1483276784420013427734375
0.1459223031997680664062500
0.1435608565807342529296875
0.1412422508001327514648438
0.1389663815498352050781250
0.1367331147193908691406250
0.1345398575067520141601563
0.1323864758014678955078125
0.1302722990512847900390625
0.1281986981630325317382813
0.1261599957942962646484375
0.1241595074534416198730469
0.1221955716609954833984375
0.1202669739723205566406250
0.1183730140328407287597656
0.1165119633078575134277344
0.1146851405501365661621094
0.1128933280706405639648438
0.1111291721463203430175781
0.1093980371952056884765625
0.1076971217989921569824219
0.1060292646288871765136719
0.1043870076537132263183594
0.1027762517333030700683594
0.1011931300163269042968750
0.0996376127004623413085938
0.0981107205152511596679688
0.0966085121035575866699219
0.0951338186860084533691406
0.0936837270855903625488281
0.0922595039010047912597656
0.0908605530858039855957031
0.0894842147827148437500000
0.0881332978606224060058594
0.0868053883314132690429688
0.0854987949132919311523438
0.0842163786292076110839844
0.0829551219940185546875000
0.0817168205976486206054688
0.0804976299405097961425781
0.0792993307113647460937500
0.0781210139393806457519531
0.0769650042057037353515625
0.0758263468742370605468750
0.0747078955173492431640625
0.0736090019345283508300781
0.0725268274545669555664063
0.0714628770947456359863281
0.0704178437590599060058594
0.0693894177675247192382813
0.0683785602450370788574219
0.0673837587237358093261719
0.0664067938923835754394531
0.0654456093907356262207031
0.0644992068409919738769531
0.0635693892836570739746094
0.0626546218991279602050781
0.0617547333240509033203125
0.0608692839741706848144531
0.0599995218217372894287109
0.0591430366039276123046875
0.0583005025982856750488281
0.0574714615941047668457031
0.0566554665565490722656250
0.0558545887470245361328125
0.0550652630627155303955078
0.0542895756661891937255859
0.0535250678658485412597656
0.0527729727327823638916016
0.0520336702466011047363281
0.0513055436313152313232422
0.0505898259580135345458984
0.0498843155801296234130859
0.0491912513971328735351563
0.0485085621476173400878906
0.0478366240859031677246094
0.0471759513020515441894531
0.0465247444808483123779297
0.0458845272660255432128906
0.0452534966170787811279297
0.0446328856050968170166016
0.0440217480063438415527344
0.0434211902320384979248047
0.0428287871181964874267578
0.0422457829117774963378906
0.0414250455796718597412109
0.0403116531670093536376953
0.0392323993146419525146484
0.0381860844790935516357422
0.0371713303029537200927734
0.0361871756613254547119141
0.0352331697940826416015625
0.0343074090778827667236328
0.0334096290171146392822266
0.0325384028255939483642578
0.0316930450499057769775391
0.0308728627860546112060547
0.0300769023597240447998047
0.0293038859963417053222656
0.0285539161413908004760742
0.0278256032615900039672852
0.0271183941513299942016602
0.0264316461980342864990234
0.0257650222629308700561523
0.0251170564442873001098633
0.0244880579411983489990234
0.0238768514245748519897461
0.0232828892767429351806641
0.0227060075849294662475586
0.0221453160047531127929688
0.0216001030057668685913086
0.0210707131773233413696289
0.0205555595457553863525391
0.0200549680739641189575195
0.0195684768259525299072266
0.0190951228141784667968750
0.0186348799616098403930664
0.0181873869150876998901367
0.0177520196884870529174805
0.0173286534845829010009766
0.0169165637344121932983398
0.0165157802402973175048828
0.0161257311701774597167969
0.0157463885843753814697266
0.0153769208118319511413574
0.0150175383314490318298340
0.0146677335724234580993652
0.0143270725384354591369629
0.0139955021440982818603516
0.0136727094650268554687500
0.0133581552654504776000977
0.0130521217361092567443848
0.0127539532259106636047363
0.0124635966494679450988770
0.0121806710958480834960938
0.0119052669033408164978027
0.0116367740556597709655762
0.0113753248006105422973633
0.0111204059794545173645020
0.0108721219003200531005859
0.0106300842016935348510742
0.0103941028937697410583496
0.0101642068475484848022461
0.0099400654435157775878906
0.0097216125577688217163086
0.0095085548236966133117676
0.0093008438125252723693848
0.0090983165428042411804199
0.0089008053764700889587402
0.0087081408128142356872559
0.0085203591734170913696289
0.0083370320498943328857422
0.0081582842394709587097168
0.0079837953671813011169434
0.0078136874362826347351074
0.0076475897803902626037598
0.0074856681749224662780762
0.0073275705799460411071777
0.0071732704527676105499268
0.0070226709358394145965576
0.0068757194094359874725342
0.0067322440445423126220703
0.0065922122448682785034180
0.0064554247073829174041748
0.0063219191506505012512207
0.0061915270052850246429443
0.0060642487369477748870850
0.0059399488382041454315186
0.0058184908702969551086426
0.0056999078951776027679443
0.0055840974673628807067871
0.0054708933457732200622559
0.0053603993728756904602051
0.0052523496560752391815186
0.0051468703895807266235352
0.0050437669269740581512451
0.0049430271610617637634277
0.0048445407301187515258789
0.0047483453527092933654785
0.0046542761847376823425293
0.0045623583719134330749512
0.0044725383631885051727295
0.0043847006745636463165283
0.0042987763881683349609375
0.0042148642241954803466797
0.0041328193619847297668457
0.0040525202639400959014893
0.0039740637876093387603760
0.0038973013870418071746826
0.0038222647272050380706787
0.0037488420493900775909424
0.0036770373117178678512573
0.0036067774053663015365601
0.0035380518529564142227173
0.0034708378370851278305054
0.0034051118418574333190918
0.0033407309092581272125244
0.0032777888700366020202637
0.0032161544077098369598389
0.0031559150665998458862305
0.0030968782957643270492554
0.0030391432810574769973755
0.0029826769605278968811035
0.0029273442924022674560547
0.0028732179198414087295532
0.0028201879467815160751343
0.0027683007065206766128540
0.0027175054419785737991333
0.0026677460409700870513916
0.0026190395001322031021118
0.0025713827926665544509888
0.0025246560107916593551636
0.0024789378512650728225708
0.0024341279640793800354004
0.0023902764078229665756226
0.0023473168257623910903931
0.0023052303586155176162720
0.0022640326060354709625244
0.0022236551158130168914795
0.0021840648259967565536499
0.0021453178487718105316162
0.0021073457319289445877075
0.0020701484754681587219238
0.0020336702000349760055542
0.0019979320932179689407349
0.0019629199523478746414185
0.0019286053720861673355103
0.0018949947552755475044250
0.0018620236078277230262756
0.0018297196365892887115479
0.0017980457050725817680359
0.0017670082161203026771545
0.0017365694511681795120239
0.0017067283624783158302307
0.0016774612013250589370728
0.0016488026594743132591248
0.0016207002336159348487854
0.0015931037487462162971497
0.0015660733915865421295166
0.0015395556110888719558716
0.0015135513385757803916931
0.0014880507951602339744568
0.0014630473451688885688782
0.0014385122340172529220581
0.0014144498854875564575195
0.0013908460969105362892151
0.0013676973758265376091003
0.0013449703110381960868835
0.0013226879527792334556580
0.0013008277164772152900696
0.0012793709756806492805481
0.0012583136558532714843750
0.0012376594822853803634644
0.0012173930881544947624207
0.0011974874651059508323669
0.0011779802152886986732483
0.0011588099878281354904175
0.0011400179937481880187988
0.0011215691920369863510132
0.0011034550843760371208191
0.0010856748558580875396729
0.0010682274587452411651611
0.0010510926367715001106262
0.0010342693421989679336548
0.0010177523363381624221802
0.0010015523293986916542053
0.0009856249671429395675659
0.0009699961519800126552582
0.0009546529036015272140503
0.0009395857341587543487549
0.0009247891721315681934357
0.0009102497133426368236542
0.0008959776605479419231415
0.0008819791255518794059753
0.0008681966573931276798248
0.0008546721655875444412231
0.0008413837640546262264252
0.0008283536299131810665131
0.0008155234972946345806122
0.0008029394666664302349091
0.0007905713282525539398193
0.0007784188492223620414734
0.0007664900040253996849060
0.0007547540008090436458588
0.0007432329584844410419464
0.0007319041178561747074127
0.0007207773742265999317169
0.0007098480709828436374664
0.0006990954279899597167969
0.0006885413895361125469208
0.0006781670963391661643982
0.0006679593352600932121277
0.0006579404580406844615936
0.0006480868905782699584961
0.0006384126609191298484802
0.0006288877339102327823639
0.0006195260211825370788574
0.0006103204214014112949371
0.0006012890953570604324341
0.0005923933349549770355225
0.0005836554337292909622192
0.0005750703276135027408600
0.0005666158394888043403625
0.0005583037273027002811432
0.0005501394043676555156708
0.0005421048263087868690491
0.0005342075019143521785736
0.0005264356150291860103607
0.0005188030772842466831207
0.0005112938233651220798492
0.0005039000534452497959137
0.0004966358537785708904266
0.0004894892335869371891022
0.0004824588540941476821899
0.0004755412810482084751129
0.0004687462642323225736618
0.0004620549734681844711304
0.0004554726765491068363190
0.0004489957937039434909821
0.0004426208324730396270752
0.0004363639745861291885376
0.0004301973676774650812149
0.0004241373098921030759811
0.0004181645927019417285919
0.0004122888494748622179031
0.0004065130488015711307526
0.0004008245596196502447128
0.0003952330152969807386398
0.0003897212154697626829147
0.0003843066515401005744934
0.0003789731417782604694366
0.0003737236256711184978485
0.0003685621195472776889801
0.0003634745662566274404526
0.0003584728692658245563507
0.0003535429423209279775620
0.0003486944187898188829422
0.0003439199062995612621307
0.0003392280486878007650375
0.0003345998993609100580215
0.0003300451789982616901398
0.0003236331685911864042282
0.0003149347903672605752945
0.0003065031196456402540207
0.0002983287849929183721542
0.0002904010179918259382248
0.0002827123098541051149368
0.0002752591390162706375122
0.0002680266334209591150284
0.0002610127266962081193924
0.0002542062720749527215958
0.0002476019144523888826370
0.0002411942405160516500473
0.0002349757996853440999985
0.0002289366093464195728302
0.0002230774698546156287193
0.0002173875254811719059944
0.0002118624543072655797005
0.0002064972359221428632736
0.0002012892364291474223137
0.0001962270034709945321083
0.0001913129526656121015549
0.0001865379017544910311699
0.0001818975724745541810989
0.0001773906842572614550591
0.0001730102812871336936951
0.0001687508047325536608696
0.0001646149466978386044502
0.0001605903089512139558792
0.0001566794380778446793556
0.0001528787252027541399002
0.0001491806469857692718506
0.0001455849997000768780708
0.0001420889602741226553917
0.0001386876538163051009178
0.0001353801053483039140701
0.0001321606541750952601433
0.0001290295331273227930069
0.0001259822747670114040375
0.0001230186608154326677322
0.0001201321938424371182919
0.0001173245182144455611706
0.0001145916685345582664013
0.0001119302542065270245075
0.0001093398605007678270340
0.0001068180426955223083496
0.0001043605880113318562508
0.0001019697010633535683155
0.0000996402595774270594120
0.0000973718488239683210850
0.0000951614929363131523132
0.0000930098976823501288891
0.0000909122973098419606686
0.0000888697250047698616982
0.0000868781717144884169102
0.0000849384523462504148483
0.0000830475328257307410240
0.0000812039288575761020184
0.0000794078659964725375175
0.0000776567612774670124054
0.0000759500981075689196587
0.0000742855845601297914982
0.0000726628422853536903858
0.0000710805979906581342220
0.0000695375420036725699902
0.0000680323501001112163067
0.0000665653060423210263252
0.0000651330628897994756699
0.0000637365956208668649197
0.0000623734013061039149761
0.0000610444330959580838680
0.0000597467951592989265919
0.0000584817826165817677975
0.0000572466451558284461498
0.0000560411754122469574213
0.0000548646166862454265356
0.0000537165578862186521292
0.0000525956565979868173599
0.0000515016581630334258080
0.0000504330055264290422201
0.0000493899933644570410252
0.0000483713047287892550230
0.0000473769432574044913054
0.0000464058502984698861837
0.0000454569599241949617863
0.0000445305304310750216246
0.0000436257614637725055218
0.0000427413542638532817364
0.0000418781201005913317204
0.0000410339816880878061056
0.0000402099249185994267464
0.0000394044291169848293066
0.0000386173996957950294018
0.0000378479744540527462959
0.0000370964480680413544178
0.0000363615326932631433010
0.0000356434247805736958981
0.0000349417059624101966619
0.0000342554740200284868479
0.0000335841905325651168823
0.0000329286267515271902084
0.0000322876512655057013035
0.0000316603145620319992304
0.0000310473733406979590654
0.0000304476670862641185522
0.0000298614431812893599272
0.0000292878285108599811792
0.0000287268539977958425879
0.0000281779484794242307544
0.0000276410301012219861150
0.0000271159206022275611758
0.0000266024362645111978054
0.0000260994602285791188478
0.0000256077255471609532833
0.0000251262063102331012487
0.0000246555864578112959862
0.0000241943616856588050723
0.0000237433068832615390420
0.0000233021637541241943836
0.0000228698772843927145004
0.0000224470149987610056996
0.0000220327183342305943370
0.0000216273492696927860379
0.0000212305112654576078057
0.0000208417659450788050890
0.0000204612460947828367352
0.0000200889280677074566483
0.0000197238750843098387122
0.0000193667019630083814263
0.0000190166247193701565266
0.0000186740344361169263721
0.0000183384127012686803937
0.0000180096121766837313771
0.0000176877547346521168947
0.0000173723055922891944647
0.0000170630064530996605754
0.0000167602956935297697783
0.0000164636385306948795915
0.0000161730349645949900150
0.0000158880484377732500434
0.0000156088444782653823495
0.0000153353121277177706361
0.0000150672294694231823087
0.0000148046465255902148783
0.0000145470594361540861428
0.0000142946846608538180590
0.0000140472320708795450628
0.0000138047516884398646653
0.0000135669488372514024377
0.0000133338153318618424237
0.0000131051656353520229459
0.0000128812707771430723369
0.0000126617205751244910061
0.0000124461230370798148215
0.0000122349483717698603868
0.0000120277782116318121552
0.0000118246198326232843101
0.0000116253968371893279254
0.0000114300573841319419444
0.0000112383768282597884536
0.0000110503897303715348244
0.0000108659851321135647595
0.0000106851357486448250711
0.0000105075805549859069288
0.0000103334996310877613723
0.0000101627165349782444537
0.0000099950857475050725043
0.0000098305754363536834717
0.0000096692147053545340896
0.0000095108835012069903314
0.0000093553708211402408779
0.0000092029704319429583848
0.0000090532030299073085189
0.0000089063905761577188969
0.0000087622593127889558673
0.0000086207428466877900064
0.0000084818348113913089037
0.0000083455270214471966028
0.0000082116612247773446143
0.0000080802292359294369817
0.0000079511901276418939233
0.0000078246275734272785485
0.0000077001950558042153716
0.0000075780949373438488692
0.0000074582258093869313598
0.0000073405135481152683496
0.0000072249154072778765112
0.0000071113258854893501848
0.0000069998254730307962745
0.0000068904619183740578592
0.0000067827863858838099986
0.0000066771262936526909471
0.0000065733106566767673939
0.0000064715127336967270821
0.0000063712773226143326610
0.0000062729645833314862102
0.0000061763385019730776548
0.0000060813972595497034490
0.0000059882031564484350383
0.0000058965156313206534833
0.0000058065074881596956402
0.0000057180009207513649017
0.0000056310732361453119665
0.0000055456880545534659177
0.0000054616830311715602875
0.0000053792296057508792728
0.0000052981804401497356594
0.0000052184323067194782197
0.0000051401598284428473562
0.0000050631788326427340508
0.0000049875989134307019413
0.0000049131854211736936122
0.0000048400470404885709286
0.0000047681282921985257417
0.0000046975710574770346284
0.0000046280729293357580900
0.0000045598080760100856423
0.0000044927369344804901630
0.0000044266862460062839091
0.0000043617478695523459464
0.0000042979640966223087162
0.0000042351939555373974144
0.0000041734961087058763951
0.0000041127782424155157059
0.0000040531490412831772119
0.0000039944829950400162488
0.0000039367191675410140306
0.0000038799676076450850815
0.0000038241346373979467899
0.0000037692097976105287671
0.0000037151662581891287118
0.0000036620801893150201067
0.0000036098044802201911807
0.0000035583802855398971587
0.0000035077796383120585233
0.0000034579752536956220865
0.0000034090935514541342854
0.0000033609169349801959470
0.0000033135727335320552811
0.0000032669108804839197546
0.0000032210066365223610774
0.0000031758831937622744590
0.0000031314418720285175368
0.0000030877579320076620206
0.0000030446969958575209603
0.0000030023957151570357382
0.0000029607276701426599175
0.0000029197158255556132644
0.0000028793915589631069452
0.0000028396450488799018785
0.0000028005692911392543465
0.0000027620542368822498247
0.0000027241751467954600230
0.0000026868742679653223604
0.0000026502191303734434769
0.0000026140617137571098283
0.0000025784779609239194542
0.0000025283841296186437830
0.0000024604280497442232445
0.0000023945556222315644845
0.0000023306936327571747825
0.0000022687579530611401424
0.0000022086899207351962104
0.0000021504620235646143556
0.0000020939580736012430862
0.0000020391619273141259328
0.0000019859865005855681375
0.0000019343899566592881456
0.0000018843300040316535160
0.0000018357484350417507812
0.0000017885672605189029127
0.0000017427927332391845994
0.0000016983400428216555156
0.0000016551754242755123414
0.0000016132596556417411193
0.0000015725721596027142368
0.0000015330234646171447821
0.0000014946324427000945434
0.0000014573273574569611810
0.0000014210747849574545398
0.0000013858647207598551176
0.0000013516428225557319820
0.0000013183656619730754755
0.0000012860542710768640973
0.0000012546117886813590303
0.0000012240581099831615575
0.0000011943650406465167180
0.0000011654738045763224363
0.0000011373828101568506099
0.0000011100700021415832452
0.0000010834972954398836009
0.0000010576570730336243287
0.0000010325051107429317199
0.0000010080432275572093204
0.0000009842365216172765940
0.0000009610832876205677167
0.0000009385327643940399867
0.0000009165977985503559466
0.0000008952474104262364563
0.0000008744551109884923790
0.0000008542176601622486487
0.0000008345159585587680340
0.0000008153170938385301270
0.0000007966382895574497525
0.0000007784395279486489017
0.0000007607175689372525085
0.0000007434491635649465024
0.0000007266398256433603819
0.0000007102523227331403177
0.0000006942947265997645445
0.0000006787357165194407571
0.0000006635816589550813660
0.0000006488088502010214143
0.0000006344056941998132970
0.0000006203739530974416994
0.0000006066934474802110344
0.0000005933601414653821848
0.0000005803561293760139961
0.0000005676784553543257061
0.0000005553171718020166736
0.0000005432620469036919530
0.0000005315027351571188774
0.0000005200414534556330182
0.0000005088520538265584037
0.0000004979421532880223822
0.0000004872921977039368358
0.0000004769096335621725302
0.0000004667718371820228640
0.0000004568889266920450609
0.0000004472394152799097355
0.0000004378216829081793549
0.0000004286298178612923948
0.0000004196606084860832198
0.0000004109035671717720106
0.0000004023567043986986391
0.0000003940078556752268923
0.0000003858593231598206330
0.0000003779008181936660549
0.0000003701323691984725883
0.0000003625457054567959858
0.0000003551324994077731390
0.0000003478947689927736064
0.0000003408262614357226994
0.0000003339168301863537636
0.0000003271728132858697791
0.0000003205779819381859852
0.0000003141400384265580215
0.0000003078471024764439790
0.0000003016984351233986672
0.0000002956873004222870804
0.0000002898160005315730814
0.0000002840744741661183070
0.0000002784642560982319992
0.0000002729820778313296614
0.0000002676208907814725535
0.0000002623764885356649756
0.0000002572548964963061735
0.0000002522472755117632914
0.0000002473462075158749940
0.0000002425576042242028052
0.0000002378723991114384262
0.0000002332925248538231244
0.0000002288111602410936030
0.0000002244285468577800202
0.0000002201402224955018028
0.0000002159455476657967665
0.0000002118431297049028217
0.0000002078315333164937329
0.0000002039020330357743660
0.0000002000603558371949475
0.0000001962984867986961035
0.0000001926217692016507499
0.0000001890184506692094146
0.0000001854945850254807738
0.0000001820481543290952686
0.0000001786709162843180820
0.0000001753673046778203570
0.0000001721306119861765183
0.0000001689636661694748909
0.0000001658633692613875610
0.0000001628262964459281648
0.0000001598534851154909120
0.0000001569447505289645051
0.0000001540927740961706149
0.0000001513023590860029799
0.0000001485673806200793479
0.0000001458908940321634873
0.0000001432688492286615656
0.0000001407000951303416514
0.0000001381855838644696632
0.0000001357211374397593318
0.0000001333047379148410982
0.0000001309398101057013264
0.0000001286221760210537468
0.0000001263518356608983595
0.0000001241253784201035160
0.0000001219440974864482996
0.0000001198071259977950831
0.0000001177127302298686118
0.0000001156613009811735537
0.0000001136489018449537980
0.0000001116772239129204536
0.0000001097440005537464458
0.0000001078496225659364427
0.0000001059917877910265815
0.0000001041704322801706439
0.0000001023841065261876793
0.0000001006349279464302526
0.0000000989196919931600860
0.0000000972353362271860533
0.0000000955855341544520343
0.0000000939670172783735325
0.0000000923798424423694087
0.0000000908234127905416244
0.0000000892973233135307964
0.0000000877998189707795973
0.0000000863311697685276158
0.0000000848905088446372247
0.0000000834776230362876959
0.0000000820904730858273979
0.0000000807304658678731357
0.0000000793962229295175348
0.0000000780866074023833789
0.0000000768013705965131521
0.0000000755407398855822976
0.0000000743037773531796120
0.0000000730888345401581319
0.0000000718982064995543624
0.0000000707281486711508478
0.0000000695811763762321789
0.0000000684551508811637177
0.0000000673495534897483594
0.0000000662643344639946008
0.0000000651994298550562235
0.0000000641536033185730048
0.0000000631267909056987264
0.0000000621186728722022963
0.0000000611299029174006137
0.0000000601577738734704326
0.0000000592038666979988193
0.0000000582673891358354012
0.0000000573477620946505340
0.0000000564446516193584102
0.0000000555572334803855483
0.0000000546861365080530959
0.0000000538317337372973270
0.0000000529905186397172656
0.0000000521650491691616480
0.0000000513539895052872453
0.0000000505586932320056803
0.0000000497756040829244739
0.0000000490075358072772360
0.0000000482526445466646692
0.0000000475109160902320582
0.0000000467828371597533987
0.0000000460665283696926053
0.0000000453633397512476222
0.0000000446718821933700383
0.0000000439927596573852497
0.0000000433256879261989525
0.0000000426693986810278147
0.0000000420252312949287443
0.0000000413920346886698098
0.0000000407690023962459236
0.0000000401574986597097450
0.0000000395560846300213598
0.0000000389656165111773589
0.0000000383842611029194813
0.0000000378128675038169604
0.0000000372510022828009824
0.0000000366997738865393330
0.0000000361568197604356101
0.0000000356235005938287941
0.0000000350995073006288294
0.0000000345834862969240930
0.0000000340761552308777027
0.0000000335778445048617868
0.0000000330874527776359173
0.0000000326054383492646593
0.0000000321310800188712165
0.0000000316652268850248220
0.0000000312068983987501269
0.0000000307556184964141721
0.0000000303122469347272272
0.0000000298760518546714593
0.0000000294469515438322560
0.0000000290247363921025681
0.0000000286100014790235946
0.0000000282015975017202436
0.0000000277998459807804466
0.0000000274045284243129572
0.0000000270154316694970476
0.0000000266335433707354241
0.0000000262571635545327808
0.0000000258872869807191819
0.0000000255227412537806231
0.0000000251641143478309459
0.0000000248115874512677692
0.0000000244643896252227933
0.0000000241231088438098595
0.0000000237866952801368825
0.0000000234562165246643417
0.0000000231306849229895306
0.0000000228102798871532286
0.0000000224952465543992730
0.0000000221847269443742334
0.0000000218794475870254246
0.0000000215785487256425768
0.0000000212826183343395314
0.0000000209912052184790809
0.0000000207048369560425272
0.0000000204223571387274205
0.0000000201443590697181207
