0.3986632227897644042968750
0.3963513970375061035156250
0.3940451741218566894531250
0.3917735815048217773437500
0.3895159065723419189453125
0.3872821629047393798828125
0.3850729465484619140625000
0.3828817009925842285156250
0.3807161450386047363281250
0.3785598576068878173828125
0.3764255046844482421875000
0.3743259012699127197265625
0.3722345829010009765625000
0.3701643347740173339843750
0.3681131899356842041015625
0.3660816848278045654296875
0.3640677630901336669921875
0.3620693683624267578125000
0.3600946068763732910156250
0.3581312000751495361328125
0.3561898171901702880859375
0.3542760014533996582031250
0.3523621261119842529296875
0.3504716157913208007812500
0.3485971987247467041015625
0.3467418551445007324218750
0.3449087142944335937500000
0.3430798947811126708984375
0.3412714302539825439453125
0.3394758701324462890625000
0.3377040922641754150390625
0.3359407186508178710937500
0.3341966569423675537109375
0.3324696719646453857421875
0.3307494521141052246093750
0.3290523886680603027343750
0.3273627460002899169921875
0.3256916105747222900390625
0.3240366578102111816406250
0.3223873972892761230468750
0.3207631111145019531250000
0.3191451430320739746093750
0.3175446987152099609375000
0.3159566223621368408203125
0.3143840134143829345703125
0.3128132820129394531250000
0.3112613856792449951171875
0.3097258508205413818359375
0.3082014024257659912109375
0.3066883385181427001953125
0.3051896989345550537109375
0.3036973774433135986328125
0.3022285699844360351562500
0.3007637560367584228515625
0.2993060052394866943359375
0.2978640794754028320312500
0.2964411973953247070312500
0.2950261235237121582031250
0.2936133444309234619140625
0.2922204136848449707031250
0.2908359766006469726562500
0.2894632518291473388671875
0.2881112098693847656250000
0.2867479026317596435546875
0.2854087054729461669921875
0.2840791642665863037109375
0.2827595770359039306640625
0.2814471423625946044921875
0.2801450192928314208984375
0.2788564562797546386718750
0.2775756716728210449218750
0.2763028740882873535156250
0.2750412821769714355468750
0.2737941145896911621093750
0.2725525498390197753906250
0.2713197767734527587890625
0.2700990438461303710937500
0.2688813507556915283203125
0.2676730453968048095703125
0.2664866149425506591796875
0.2652945220470428466796875
0.2641123831272125244140625
0.2629434168338775634765625
0.2617816627025604248046875
0.2606303989887237548828125
0.2594867050647735595703125
0.2583475708961486816406250
0.2572257518768310546875000
0.2561025023460388183593750
0.2549906373023986816406250
0.2538871467113494873046875
0.2527953982353210449218750
0.2517059743404388427734375
0.2506254017353057861328125
0.2495554238557815551757813
0.2484849691390991210937500
0.2474286854267120361328125
0.2463883906602859497070313
0.2453431189060211181640625
0.2443043738603591918945313
0.2432837635278701782226563
0.2422568351030349731445313
0.2412467300891876220703125
0.2402387708425521850585938
0.2392413467168807983398438
0.2382496595382690429687500
0.2372637689113616943359375
0.2362855374813079833984375
0.2353167682886123657226563
0.2343491762876510620117188
0.2333913147449493408203125
0.2324365377426147460937500
0.2314934432506561279296875
0.2305519580841064453125000
0.2296224385499954223632813
0.2286896556615829467773438
0.2277690619230270385742188
0.2268590927124023437500000
0.2259513288736343383789063
0.2250492721796035766601563
0.2241547554731369018554688
0.2232679724693298339843750
0.2223767638206481933593750
0.2214934676885604858398438
0.2206268906593322753906250
0.2197579443454742431640625
0.2189007401466369628906250
0.2180395871400833129882813
0.2171904146671295166015625
0.2163444757461547851562500
0.2155072093009948730468750
0.2146751880645751953125000
0.2138413488864898681640625
0.2130218446254730224609375
0.2122025042772293090820313
0.2113905400037765502929688
0.2105879187583923339843750
0.2097838819026947021484375
0.2089838832616806030273438
0.2081953436136245727539063
0.2074055820703506469726563
0.2066238075494766235351563
0.2058446109294891357421875
0.2050699442625045776367188
0.2043016999959945678710938
0.2035436481237411499023438
0.2027848511934280395507813
0.2020327299833297729492188
0.2012818306684494018554688
0.2005359381437301635742188
0.1997988373041152954101563
0.1990669518709182739257813
0.1983309239149093627929688
0.1976020634174346923828125
0.1968805193901062011718750
0.1961663067340850830078125
0.1954539120197296142578125
0.1947452276945114135742188
0.1940365582704544067382813
0.1933374851942062377929688
0.1926442831754684448242188
0.1919531822204589843750000
0.1912623345851898193359375
0.1905814111232757568359375
0.1899008601903915405273438
0.1892265528440475463867188
0.1885546594858169555664063
0.1878872066736221313476563
0.1872261762619018554687500
0.1865599751472473144531250
0.1859120726585388183593750
0.1852532029151916503906250
0.1846108734607696533203125
0.1839615404605865478515625
0.1833170801401138305664063
0.1826854795217514038085938
0.1820549666881561279296875
0.1814215481281280517578125
0.1807972639799118041992188
0.1801761835813522338867188
0.1795583665370941162109375
0.1789418607950210571289063
0.1783266812562942504882813
0.1777210086584091186523438
0.1771167963743209838867188
0.1765140742063522338867188
0.1759169846773147583007813
0.1753174364566802978515625
0.1747297197580337524414063
0.1741437464952468872070313
0.1735554188489913940429688
0.1729771047830581665039063
0.1723903566598892211914063
0.1718240678310394287109375
0.1712452471256256103515625
0.1706787794828414916992188
0.1701143532991409301757813
0.1695561856031417846679688
0.1689918190240859985351563
0.1684379726648330688476563
0.1678863614797592163085938
0.1673286110162734985351563
0.1667857766151428222656250
0.1662411093711853027343750
0.1657009422779083251953125
0.1651632338762283325195313
0.1646258682012557983398438
0.1640889197587966918945313
0.1635630428791046142578125
0.1630355268716812133789063
0.1625149697065353393554688
0.1619906574487686157226563
0.1614755541086196899414063
0.1609567552804946899414063
0.1604451090097427368164063
0.1599341630935668945312500
0.1594261080026626586914063
0.1589275300502777099609375
0.1584188938140869140625000
0.1579197943210601806640625
0.1574237793684005737304688
0.1569330692291259765625000
0.1564367115497589111328125
0.1559501290321350097656250
0.1554601788520812988281250
0.1549756526947021484375000
0.1544988900423049926757813
0.1540210396051406860351563
0.1535421013832092285156250
0.1530665606260299682617188
0.1525944769382476806640625
0.1521258950233459472656250
0.1516608148813247680664063
0.1511948257684707641601563
0.1507301628589630126953125
0.1502713859081268310546875
0.1498117595911026000976563
0.1493580937385559082031250
0.1489081829786300659179688
0.1484552323818206787109375
0.1480083465576171875000000
0.1475630551576614379882813
0.1471193432807922363281250
0.1466749608516693115234375
0.1462414413690567016601563
0.1457980722188949584960938
0.1453656405210494995117188
0.1449326574802398681640625
0.1445014327764511108398438
0.1440720111131668090820313
0.1436444073915481567382813
0.1432209908962249755859375
0.1428018063306808471679688
0.1423798650503158569335938
0.1419575065374374389648438
0.1415465027093887329101563
0.1409491151571273803710938
0.1401302367448806762695313
0.1393161565065383911132813
0.1385130435228347778320313
0.1377139687538146972656250
0.1369250863790512084960938
0.1361454278230667114257813
0.1353691667318344116210938
0.1346037387847900390625000
0.1338408589363098144531250
0.1330879926681518554687500
0.1323441267013549804687500
0.1316057890653610229492188
0.1308731287717819213867188
0.1301487833261489868164063
0.1294292509555816650390625
0.1287171393632888793945313
0.1280101239681243896484375
0.1273128092288970947265625
0.1266196370124816894531250
0.1259314268827438354492188
0.1252527683973312377929688
0.1245800182223320007324219
0.1239107623696327209472656
0.1232483461499214172363281
0.1225935593247413635253906
0.1219440028071403503417969
0.1212971806526184082031250
0.1206551715731620788574219
0.1200240254402160644531250
0.1193960160017013549804688
0.1187745630741119384765625
0.1181565001606941223144531
0.1175439283251762390136719
0.1169389784336090087890625
0.1163357868790626525878906
0.1157431751489639282226563
0.1151478290557861328125000
0.1145633235573768615722656
0.1139823794364929199218750
0.1134078130125999450683594
0.1128342971205711364746094
0.1122673824429512023925781
0.1117058321833610534667969
0.1111511513590812683105469
0.1105972081422805786132813
0.1100468859076499938964844
0.1095044463872909545898438
0.1089672371745109558105469
0.1084297522902488708496094
0.1078997775912284851074219
0.1073739230632781982421875
0.1068515852093696594238281
0.1063335537910461425781250
0.1058220714330673217773438
0.1053122356534004211425781
0.1048077195882797241210938
0.1043064445257186889648438
0.1038092449307441711425781
0.1033147349953651428222656
0.1028266400098800659179688
0.1023399606347084045410156
0.1018613502383232116699219
0.1013799086213111877441406
0.1009074449539184570312500
0.1004381850361824035644531
0.0999692305922508239746094
0.0995051115751266479492188
0.0990458950400352478027344
0.0985909253358840942382813
0.0981372892856597900390625
0.0976888090372085571289063
0.0972440615296363830566406
0.0968015938997268676757813
0.0963607355952262878417969
0.0959260910749435424804688
0.0954931899905204772949219
0.0950643643736839294433594
0.0946389362215995788574219
0.0942138954997062683105469
0.0937969982624053955078125
0.0933798402547836303710938
0.0929647758603096008300781
0.0925534293055534362792969
0.0921466574072837829589844
0.0917429551482200622558594
0.0913408175110816955566406
0.0909418612718582153320313
0.0905469581484794616699219
0.0901529788970947265625000
0.0897631719708442687988281
0.0893775895237922668457031
0.0889907106757164001464844
0.0886105671525001525878906
0.0882308185100555419921875
0.0878555327653884887695313
0.0874815434217453002929688
0.0871113315224647521972656
0.0867408737540245056152344
0.0863775685429573059082031
0.0860124751925468444824219
0.0856521800160408020019531
0.0852918252348899841308594
0.0849355608224868774414063
0.0845842733979225158691406
0.0842330604791641235351563
0.0838869214057922363281250
0.0835392698645591735839844
0.0831951349973678588867188
0.0828554034233093261718750
0.0825167894363403320312500
0.0821793079376220703125000
0.0818463861942291259765625
0.0815112888813018798828125
0.0811834037303924560546875
0.0808542594313621520996094
0.0805290192365646362304688
0.0802060067653656005859375
0.0798861384391784667968750
0.0795685946941375732421875
0.0792490839958190917968750
0.0789363011717796325683594
0.0786242187023162841796875
0.0783111378550529479980469
0.0780031755566596984863281
0.0776968970894813537597656
0.0773923322558403015136719
0.0770886391401290893554688
0.0767884999513626098632813
0.0764892920851707458496094
0.0761945992708206176757813
0.0758991390466690063476563
0.0756064951419830322265625
0.0753149092197418212890625
0.0750244334340095520019531
0.0747377648949623107910156
0.0744531676173210144042969
0.0741688683629035949707031
0.0738866850733757019042969
0.0736057534813880920410156
0.0733306556940078735351563
0.0730541497468948364257813
0.0727771446108818054199219
0.0725042596459388732910156
0.0722327828407287597656250
0.0719636529684066772460938
0.0716941431164741516113281
0.0714288800954818725585938
0.0711651444435119628906250
0.0709011033177375793457031
0.0706395506858825683593750
0.0703777372837066650390625
0.0701203495264053344726563
0.0698627382516860961914063
0.0696087032556533813476563
0.0693563669919967651367188
0.0691029429435729980468750
0.0688531622290611267089844
0.0686032772064208984375000
0.0683571174740791320800781
0.0681108832359313964843750
0.0678646042943000793457031
0.0676211640238761901855469
0.0673796460032463073730469
0.0671400651335716247558594
0.0669005289673805236816406
0.0666649192571640014648438
0.0664284154772758483886719
0.0661939531564712524414063
0.0659605860710144042968750
0.0657283216714859008789063
0.0654962137341499328613281
0.0652682110667228698730469
0.0650394111871719360351563
0.0648127943277359008789063
0.0645893886685371398925781
0.0643662288784980773925781
0.0641433373093605041503906
0.0639207363128662109375000
0.0637004300951957702636719
0.0634814500808715820312500
0.0632638037204742431640625
0.0630490407347679138183594
0.0628351643681526184082031
0.0626211762428283691406250
0.0624081082642078399658203
0.0621954612433910369873047
0.0619842782616615295410156
0.0617761015892028808593750
0.0615689232945442199707031
0.0613617300987243652343750
0.0611545331776142120361328
0.0609514638781547546386719
0.0607479177415370941162109
0.0605459623038768768310547
0.0603451095521450042724609
0.0601448491215705871582031
0.0599462389945983886718750
0.0597472153604030609130859
0.0595519691705703735351563
0.0593558065593242645263672
0.0591608509421348571777344
0.0589671023190021514892578
0.0587745904922485351562500
0.0585843808948993682861328
0.0583933256566524505615234
0.0582046061754226684570313
0.0580155923962593078613281
0.0578294880688190460205078
0.0576441884040832519531250
0.0574559457600116729736328
0.0572728142142295837402344
0.0570894479751586914062500
0.0569069348275661468505859
0.0567263737320899963378906
0.0565456077456474304199219
0.0563673675060272216796875
0.0561878643929958343505859
0.0560087375342845916748047
0.0558338202536106109619141
0.0556571222841739654541016
0.0554841309785842895507813
0.0553082749247550964355469
0.0551378093659877777099609
0.0549633949995040893554688
0.0547916442155838012695313
0.0546231418848037719726563
0.0544545873999595642089844
0.0542854182422161102294922
0.0541162006556987762451172
0.0539514198899269104003906
0.0537849403917789459228516
0.0536195710301399230957031
0.0534547604620456695556641
0.0532910823822021484375000
0.0531285554170608520507813
0.0529671832919120788574219
0.0528064221143722534179688
0.0526451393961906433105469
0.0524878986179828643798828
0.0523284487426280975341797
0.0521725118160247802734375
0.0520132295787334442138672
0.0518574789166450500488281
0.0517024137079715728759766
0.0515486150979995727539063
0.0513955280184745788574219
0.0512431636452674865722656
0.0510892011225223541259766
0.0509371310472488403320313
0.0507852211594581604003906
0.0506363995373249053955078
0.0504877641797065734863281
0.0503399111330509185791016
0.0501916706562042236328125
0.0500436425209045410156250
0.0498329028487205505371094
0.0495439246296882629394531
0.0492556467652320861816406
0.0489716976881027221679688
0.0486894883215427398681641
0.0484102703630924224853516
0.0481341183185577392578125
0.0478602126240730285644531
0.0475895181298255920410156
0.0473199822008609771728516
0.0470531880855560302734375
0.0467907376587390899658203
0.0465293228626251220703125
0.0462705418467521667480469
0.0460141487419605255126953
0.0457602106034755706787109
0.0455084703862667083740234
0.0452586710453033447265625
0.0450118258595466613769531
0.0447664000093936920166016
0.0445237271487712860107422
0.0442845001816749572753906
0.0440452657639980316162109
0.0438089519739151000976563
0.0435746498405933380126953
0.0433427318930625915527344
0.0431135892868041992187500
0.0428849868476390838623047
0.0426589287817478179931641
0.0424344837665557861328125
0.0422130115330219268798828
0.0419925898313522338867188
0.0417745821177959442138672
0.0415587089955806732177734
0.0413436815142631530761719
0.0411315485835075378417969
0.0409203432500362396240234
0.0407114513218402862548828
0.0405045822262763977050781
0.0402984246611595153808594
0.0400953888893127441406250
0.0398931428790092468261719
0.0396930873394012451171875
0.0394945777952671051025391
0.0392980016767978668212891
0.0391016602516174316406250
0.0389076732099056243896484
0.0387157313525676727294922
0.0385251753032207489013672
0.0383360423147678375244141
0.0381487123668193817138672
0.0379621721804141998291016
0.0377785712480545043945313
0.0375954695045948028564453
0.0374132506549358367919922
0.0372330099344253540039063
0.0370551496744155883789063
0.0368782654404640197753906
0.0367016680538654327392578
0.0365275517106056213378906
0.0363544970750808715820313
0.0361829064786434173583984
0.0360139012336730957031250
0.0358434878289699554443359
0.0356760881841182708740234
0.0355098955333232879638672
0.0353449471294879913330078
0.0351808927953243255615234
0.0350181274116039276123047
0.0348570570349693298339844
0.0346969589591026306152344
0.0345378592610359191894531
0.0343801602721214294433594
0.0342242643237113952636719
0.0340690687298774719238281
0.0339149720966815948486328
0.0337623804807662963867188
0.0336101688444614410400391
0.0334591306746006011962891
0.0333108268678188323974609
0.0331618152558803558349609
0.0330140478909015655517578
0.0328679271042346954345703
0.0327227078378200531005859
0.0325787998735904693603516
0.0324358381330966949462891
0.0322934463620185852050781
0.0321532189846038818359375
0.0320128127932548522949219
0.0318738296627998352050781
0.0317358933389186859130859
0.0315994247794151306152344
0.0314632467925548553466797
0.0313281752169132232666016
0.0311944279819726943969727
0.0310606211423873901367188
0.0309285856783390045166016
0.0307985488325357437133789
0.0306678898632526397705078
0.0305380467325448989868164
0.0304104704409837722778320
0.0302821043878793716430664
0.0301558412611484527587891
0.0300298463553190231323242
0.0299051683396100997924805
0.0297812074422836303710938
0.0296579711139202117919922
0.0295356921851634979248047
0.0294145960360765457153320
0.0292936470359563827514648
0.0291739143431186676025391
0.0290545672178268432617188
0.0289366804063320159912109
0.0288189947605133056640625
0.0287028048187494277954102
0.0285862069576978683471680
0.0284711327403783798217773
0.0283573865890502929687500
0.0282439161092042922973633
0.0281311590224504470825195
0.0280193444341421127319336
0.0279084965586662292480469
0.0277970954775810241699219
0.0276866834610700607299805
0.0275783613324165344238281
0.0274697430431842803955078
0.0273625925183296203613281
0.0272549483925104141235352
0.0271488018333911895751953
0.0270430594682693481445313
0.0269384011626243591308594
0.0268343985080718994140625
0.0267301686108112335205078
0.0266277305781841278076172
0.0265253130346536636352539
0.0264238175004720687866211
0.0263234898447990417480469
0.0262229852378368377685547
0.0261229854077100753784180
0.0260244179517030715942383
0.0259256977587938308715820
0.0258279759436845779418945
0.0257305763661861419677734
0.0256337430328130722045898
0.0255377124994993209838867
0.0254429560154676437377930
0.0253481063991785049438477
0.0252540912479162216186523
0.0251602288335561752319336
0.0250669922679662704467773
0.0249748546630144119262695
0.0248833689838647842407227
0.0247913654893636703491211
0.0247002579271793365478516
0.0246100649237632751464844
0.0245207883417606353759766
0.0244317390024662017822266
0.0243431534618139266967773
0.0242545697838068008422852
0.0241671856492757797241211
0.0240805353969335556030273
0.0239941477775573730468750
0.0239077918231487274169922
0.0238226763904094696044922
0.0237376075237989425659180
0.0236533191055059432983398
0.0235693324357271194458008
0.0234859008342027664184570
0.0234032720327377319335938
0.0233199968934059143066406
0.0232390090823173522949219
0.0231566503643989562988281
0.0230763591825962066650391
0.0229951925575733184814453
0.0229146350175142288208008
0.0228356849402189254760742
0.0227568708360195159912109
0.0226776935160160064697266
0.0225996579974889755249023
0.0225220229476690292358398
0.0224447958171367645263672
0.0223677325993776321411133
0.0222908351570367813110352
0.0222151260823011398315430
0.0221395995467901229858398
0.0220642592757940292358398
0.0219896230846643447875977
0.0219146795570850372314453
0.0218412149697542190551758
0.0217679683119058609008789
0.0216944273561239242553711
0.0216221380978822708129883
0.0215487945824861526489258
0.0214780084788799285888672
0.0214056558907032012939453
0.0213348474353551864624023
0.0212642941623926162719727
0.0211945232003927230834961
0.0211239773780107498168945
0.0210547465831041336059570
0.0209857951849699020385742
0.0209160763770341873168945
0.0208482220768928527832031
0.0207801386713981628417969
0.0207126177847385406494141
0.0206454042345285415649414
0.0205782335251569747924805
0.0205111149698495864868164
0.0204453803598880767822266
0.0203794408589601516723633
0.0203143712133169174194336
0.0202488321810960769653320
0.0201844442635774612426758
0.0201195944100618362426758
0.0200556386262178421020508
0.0199917703866958618164063
0.0199282635003328323364258
0.0198659412562847137451172
0.0198023617267608642578125
0.0197399742901325225830078
0.0196779724210500717163086
0.0196166336536407470703125
0.0195545889437198638916016
0.0194937661290168762207031
0.0194325223565101623535156
0.0193719565868377685546875
0.0193123612552881240844727
0.0192526299506425857543945
0.0191927626729011535644531
0.0191333200782537460327148
0.0190743096172809600830078
0.0190157368779182434082031
0.0189576018601655960083008
0.0188993532210588455200195
0.0188412703573703765869141
0.0187839232385158538818359
0.0187264699488878250122070
0.0186697617173194885253906
0.0186135228723287582397461
0.0185569040477275848388672
0.0185010433197021484375000
0.0184453818947076797485352
0.0183899179100990295410156
0.0183343701064586639404297
0.0182801801711320877075195
0.0182247590273618698120117
0.0181707050651311874389648
0.0181165821850299835205078
0.0180626790970563888549805
0.0180090013891458511352539
0.0179555509239435195922852
0.0179026238620281219482422
0.0178502257913351058959961
0.0177974831312894821166992
0.0177446883171796798706055
0.0176933128386735916137695
0.0176186393946409225463867
0.0175162795931100845336914
0.0174145195633172988891602
0.0173141304403543472290039
0.0172142460942268371582031
0.0171156357973814010620117
0.0170181784778833389282227
0.0169211458414793014526367
0.0168254673480987548828125
0.0167301073670387268066406
0.0166359990835189819335938
0.0165430158376693725585938
0.0164507236331701278686523
0.0163591410964727401733398
0.0162685979157686233520508
0.0161786563694477081298828
0.0160896424204111099243164
0.0160012654960155487060547
0.0159141011536121368408203
0.0158274546265602111816406
0.0157414283603429794311523
0.0156565960496664047241211
0.0155725022777915000915527
0.0154888452962040901184082
0.0154060432687401771545410
0.0153241949155926704406738
0.0152430003508925437927246
0.0151621475815773010253906
0.0150818964466452598571777
0.0150030031800270080566406
0.0149245020002126693725586
0.0148468203842639923095703
0.0147695625200867652893066
0.0146929910406470298767090
0.0146173723042011260986328
0.0145419733598828315734863
0.0144678968936204910278320
0.0143934786319732666015625
0.0143204154446721076965332
0.0142477974295616149902344
0.0141759766265749931335449
0.0141042871400713920593262
0.0140334228053689002990723
0.0139632290229201316833496
0.0138938939198851585388184
0.0138246510177850723266602
0.0137558607384562492370605
0.0136880557984113693237305
0.0136209046468138694763184
0.0135537190362811088562012
0.0134874721989035606384277
0.0134217403829097747802734
0.0133564481511712074279785
0.0132916942238807678222656
0.0132277589291334152221680
0.0131640294566750526428223
0.0131009649485349655151367
0.0130383055657148361206055
0.0129761556163430213928223
0.0129143418744206428527832
0.0128533300012350082397461
0.0127924950793385505676270
0.0127326687797904014587402
0.0126724885776638984680176
0.0126134306192398071289063
0.0125547731295228004455566
0.0124961538240313529968262
0.0124381389468908309936523
0.0123807368800044059753418
0.0123238656669855117797852
0.0122671611607074737548828
0.0122111011296510696411133
0.0121555076912045478820801
0.0121001992374658584594727
0.0120450919494032859802246
0.0119907613843679428100586
0.0119366487488150596618652
0.0118830455467104911804199
0.0118298670276999473571777
0.0117767369374632835388184
0.0117246247828006744384766
0.0116724800318479537963867
0.0116205969825387001037598
0.0115691786631941795349121
0.0115183321759104728698730
0.0114678693935275077819824
0.0114176021888852119445801
0.0113677326589822769165039
0.0113183697685599327087402
0.0112691223621368408203125
0.0112203964963555335998535
0.0111721986904740333557129
0.0111238388344645500183105
0.0110763208940625190734863
0.0110288523137569427490234
0.0109819415956735610961914
0.0109351929277181625366211
0.0108889164403080940246582
0.0108426092192530632019043
0.0107971960678696632385254
0.0107515593990683555603027
0.0107065225020051002502441
0.0106614781543612480163574
0.0106169451028108596801758
0.0105730341747403144836426
0.0105291325598955154418945
0.0104858651757240295410156
0.0104424087330698966979980
0.0103993918746709823608398
0.0103569254279136657714844
0.0103145986795425415039063
0.0102724134922027587890625
0.0102307982742786407470703
0.0101889111101627349853516
0.0101479254662990570068359
0.0101067824289202690124512
0.0100661274045705795288086
0.0100257508456707000732422
0.0099857673048973083496094
0.0099460743367671966552734
0.0099061354994773864746094
0.0098670376464724540710449
0.0098280273377895355224609
0.0097888922318816184997559
0.0097503969445824623107910
0.0097121121361851692199707
0.0096740415319800376892090
0.0096360798925161361694336
0.0095985624939203262329102
0.0095611615106463432312012
0.0095243249088525772094727
0.0094873923808336257934570
0.0094508118927478790283203
0.0094143636524677276611328
0.0093780541792511940002441
0.0093422206118702888488770
0.0093066459521651268005371
0.0092711085453629493713379
0.0092358356341719627380371
0.0092007191851735115051270
0.0091663319617509841918945
0.0091317687183618545532227
0.0090971430763602256774902
0.0090630324557423591613770
0.0090290978550910949707031
0.0089954566210508346557617
0.0089617678895592689514160
0.0089286100119352340698242
0.0088956430554389953613281
0.0088626379147171974182129
0.0088299438357353210449219
0.0087972171604633331298828
0.0087650436908006668090820
0.0087328422814607620239258
0.0087010879069566726684570
0.0086695458739995956420898
0.0086378678679466247558594
0.0086066452786326408386230
0.0085754096508026123046875
0.0085446396842598915100098
0.0085138604044914245605469
0.0084830755367875099182129
0.0084526455029845237731934
0.0084224557504057884216309
0.0083925081416964530944824
0.0083625661209225654602051
0.0083331149071455001831055
0.0083035519346594810485840
0.0082742441445589065551758
0.0082450732588768005371094
0.0082160402089357376098633
0.0081870267167687416076660
0.0081585263833403587341309
0.0081299263983964920043945
0.0081015992909669876098633
0.0080736735835671424865723
0.0080457786098122596740723
0.0080179171636700630187988
0.0079900920391082763671875
0.0079625537618994712829590
0.0079351812601089477539063
0.0079079754650592803955078
0.0078811300918459892272949
0.0078543955460190773010254
0.0078276470303535461425781
0.0078010135330259799957275
0.0077744326554238796234131
0.0077480347827076911926270
0.0077220126986503601074219
0.0076961154118180274963379
0.0076702162623405456542969
0.0076443166472017765045166
0.0076189329847693443298340
0.0075934897176921367645264
0.0075682452879846096038818
0.0075431386940181255340576
0.0075181061401963233947754
0.0074932798743247985839844
0.0074684019200503826141357
0.0074439961463212966918945
0.0074194758199155330657959
0.0073951063677668571472168
0.0073708877898752689361572
0.0073468238115310668945313
0.0073230476118624210357666
0.0072991657070815563201904
0.0072755757719278335571289
0.0072519490495324134826660
0.0072286860086023807525635
0.0072055235505104064941406
0.0071819932200014591217041
0.0071591017767786979675293
0.0071361809968948364257813
0.0071133668534457683563232
0.0070907967165112495422363
0.0070682009682059288024902
0.0070459209382534027099609
0.0070234830491244792938232
0.0070010921917855739593506
0.0069792275317013263702393
0.0069571402855217456817627
0.0069355163723230361938477
0.0069135343655943870544434
0.0068922261707484722137451
0.0068704243749380111694336
0.0068489555269479751586914
0.0068278927356004714965820
0.0068068234249949455261230
0.0067856772802770137786865
0.0067645250819623470306396
0.0067439274862408638000488
0.0067231175489723682403564
0.0067024463787674903869629
0.0066818450577557086944580
0.0066613852977752685546875
0.0066410694271326065063477
0.0066208979114890098571777
0.0066008027642965316772461
0.0065806424245238304138184
0.0065609873272478580474854
0.0065410560928285121917725
0.0065215639770030975341797
0.0065016536973416805267334
0.0064821848645806312561035
0.0064628017134964466094971
0.0064435768872499465942383
0.0064244410023093223571777
0.0064053954556584358215332
0.0063861501403152942657471
0.0063671413809061050415039
0.0063481526449322700500488
0.0063295499421656131744385
0.0063109705224633216857910
0.0062924888916313648223877
0.0062739588320255279541016
0.0062554553151130676269531
0.0062291128560900688171387
0.0061929905787110328674316
0.0061569558456540107727051
0.0061214622110128402709961
0.0060861860401928424835205
0.0060512837953865528106689
0.0060167647898197174072266
0.0059825265780091285705566
0.0059486897662281990051270
0.0059149977751076221466064
0.0058816485106945037841797
0.0058488422073423862457275
0.0058161653578281402587891
0.0057838177308440208435059
0.0057517685927450656890869
0.0057200263254344463348389
0.0056885587982833385467529
0.0056573338806629180908203
0.0056264782324433326721191
0.0055958000011742115020752
0.0055654658935964107513428
0.0055355625227093696594238
0.0055056582204997539520264
0.0054761189967393875122070
0.0054468312300741672515869
0.0054178414866328239440918
0.0053891986608505249023438
0.0053606233559548854827881
0.0053323660977184772491455
0.0053043104708194732666016
0.0052766264416277408599854
0.0052490737289190292358398
0.0052218227647244930267334
0.0051948386244475841522217
0.0051679601892828941345215
0.0051414435729384422302246
0.0051150429062545299530029
0.0050889314152300357818604
0.0050630727782845497131348
0.0050373030826449394226074
0.0050119236111640930175781
0.0049866428598761558532715
0.0049616359174251556396484
0.0049368222244083881378174
0.0049122502095997333526611
0.0048877075314521789550781
0.0048634591512382030487061
0.0048394664190709590911865
0.0048156469129025936126709
0.0047920052893459796905518
0.0047685890458524227142334
0.0047452715225517749786377
0.0047223214060068130493164
0.0046994336880743503570557
0.0046766563318669795989990
0.0046541262418031692504883
0.0046318937093019485473633
0.0046097831800580024719238
0.0045877085067331790924072
0.0045659439638257026672363
0.0045443121343851089477539
0.0045228633098304271697998
0.0045017376542091369628906
0.0044804359786212444305420
0.0044595110230147838592529
0.0044387369416654109954834
0.0044181183911859989166260
0.0043976115994155406951904
0.0043772659264504909515381
0.0043571321293711662292480
0.0043371198698878288269043
0.0043172324076294898986816
0.0042975200340151786804199
0.0042780330404639244079590
0.0042586335912346839904785
0.0042393715120851993560791
0.0042202975600957870483398
0.0042012711055576801300049
0.0041823913343250751495361
0.0041638533584773540496826
0.0041452269069850444793701
0.0041267559863626956939697
0.0041084908880293369293213
0.0040903384797275066375732
0.0040723499841988086700439
0.0040544797666370868682861
0.0040366807952523231506348
0.0040191523730754852294922
0.0040016015991568565368652
0.0039842287078499794006348
0.0039669866673648357391357
0.0039499280974268913269043
0.0039329058490693569183350
0.0039160219021141529083252
0.0038993034977465867996216
0.0038825776427984237670898
0.0038660732097923755645752
0.0038498186040669679641724
0.0038334862329065799713135
0.0038172558415681123733521
0.0038013088051229715347290
0.0037852630484849214553833
0.0037694801576435565948486
0.0037537307944148778915405
0.0037381460424512624740601
0.0037226509302854537963867
0.0037072463892400264739990
0.0036919615231454372406006
0.0036768245045095682144165
0.0036617058794945478439331
0.0036467392928898334503174
0.0036318209022283554077148
0.0036170850507915019989014
0.0036023743450641632080078
0.0035878506023436784744263
0.0035732758697122335433960
0.0035588915925472974777222
0.0035446733236312866210938
0.0035304895136505365371704
0.0035163948778063058853149
0.0035024180542677640914917
0.0034885620698332786560059
0.0034746369346976280212402
0.0034608354326337575912476
0.0034472951665520668029785
0.0034337178803980350494385
0.0034203240647912025451660
0.0034068685490638017654419
0.0033936002291738986968994
0.0033803824335336685180664
0.0033673001453280448913574
0.0033542998135089874267578
0.0033412710763514041900635
0.0033284663222730159759521
0.0033156641293317079544067
0.0033029771875590085983276
0.0032904362305998802185059
0.0032778731547296047210693
0.0032653731759637594223022
0.0032530522439628839492798
0.0032407122198492288589478
0.0032284969929605722427368
0.0032163220457732677459717
0.0032042178791016340255737
0.0031922140624374151229858
0.0031803695019334554672241
0.0031685132998973131179810
0.0031567614059895277023315
0.0031450286041945219039917
0.0031333740334957838058472
0.0031218568328768014907837
0.0031104211229830980300903
0.0030989206861704587936401
0.0030875322408974170684814
0.0030762581154704093933105
0.0030650985427200794219971
0.0030539673753082752227783
0.0030428941827267408370972
0.0030318212229758501052856
0.0030208982061594724655151
0.0030100669246166944503784
0.0029992684721946716308594
0.0029884739778935909271240
0.0029778345488011837005615
0.0029672009404748678207397
0.0029566648881882429122925
0.0029461665544658899307251
0.0029357376042753458023071
0.0029254090040922164916992
0.0029149996116757392883301
0.0029048761352896690368652
0.0028945812955498695373535
0.0028845448978245258331299
0.0028743990696966648101807
0.0028643293771892786026001
0.0028544606175273656845093
0.0028446088545024394989014
0.0028347116895020008087158
0.0028249572496861219406128
0.0028152528684586286544800
0.0028055994771420955657959
0.0027959665749222040176392
0.0027863543946295976638794
0.0027768907602876424789429
0.0027674499433487653732300
0.0027580324094742536544800
0.0027487028855830430984497
0.0027393349446356296539307
0.0027301518712192773818970
0.0027209960389882326126099
0.0027118034195154905319214
0.0027027672622352838516235
0.0026935993228107690811157
0.0026847510598599910736084
0.0026757069863379001617432
0.0026668559294193983078003
0.0026580367702990770339966
0.0026493154000490903854370
0.0026404971722513437271118
0.0026318433228880167007446
0.0026232243981212377548218
0.0026145095471292734146118
0.0026060277596116065979004
0.0025975173339247703552246
0.0025890772230923175811768
0.0025806755293160676956177
0.0025722791906446218490601
0.0025638893712311983108521
0.0025556725449860095977783
0.0025474301073700189590454
0.0025392964016646146774292
0.0025311040226370096206665
0.0025230555329471826553345
0.0025149493012577295303345
0.0025069548282772302627563
0.0024989712983369827270508
0.0024910329375416040420532
0.0024832426570355892181396
0.0024752952158451080322266
0.0024674967862665653228760
0.0024597465526312589645386
0.0024520792067050933837891
0.0024443236179649829864502
0.0024367207661271095275879
0.0024290652945637702941895
0.0024214945733547210693359
0.0024140451569110155105591
0.0024065787438303232192993
0.0023990953341126441955566
0.0023916650097817182540894
0.0023842887021601200103760
0.0023769671097397804260254
0.0023697002325206995010376
0.0023624191526323556900024
0.0023551587946712970733643
0.0023479904048144817352295
0.0023408087436109781265259
0.0023337202146649360656738
0.0023266903590410947799683
0.0023196130059659481048584
0.0023126304149627685546875
0.0023056727368384599685669
0.0022987397387623786926270
0.0022917962633073329925537
0.0022850225213915109634399
0.0022780948784202337265015
0.0022713381331413984298706
0.0022645727731287479400635
0.0022578348871320486068726
0.0022511251736432313919067
0.0022444438654929399490356
0.0022378279827535152435303
0.0022312782239168882369995
0.0022246853914111852645874
0.0022180860396474599838257
0.0022116641048341989517212
0.0022023299243301153182983
0.0021895349491387605667114
0.0021768149454146623611450
0.0021642663050442934036255
0.0021517807617783546447754
0.0021394544746726751327515
0.0021272723097354173660278
0.0021151432301849126815796
0.0021031834185123443603516
0.0020912634208798408508301
0.0020794998854398727416992
0.0020678769797086715698242
0.0020563404541462659835815
0.0020448926370590925216675
0.0020335747394710779190063
0.0020223320461809635162354
0.0020112053025513887405396
0.0020001581870019435882568
0.0019892626442015171051025
0.0019784318283200263977051
0.0019676785450428724288940
0.0019570745062083005905151
0.0019465627847239375114441
0.0019361056620255112648010
0.0019257554085925221443176
0.0019155243644490838050842
0.0019053750438615679740906
0.0018952684476971626281738
0.0018852370558306574821472
0.0018753753975033760070801
0.0018655627500265836715698
0.0018558525480329990386963
0.0018461953150108456611633
0.0018366238800808787345886
0.0018271715380251407623291
0.0018177466699853539466858
0.0018084871117025613784790
0.0017991848289966583251953
0.0017900519305840134620667
0.0017809746786952018737793
0.0017719970783218741416931
0.0017630358925089240074158
0.0017541778506711125373840
0.0017454036278650164604187
0.0017367367399856448173523
0.0017280813772231340408325
0.0017194825923070311546326
0.0017110069748014211654663
0.0017026130808517336845398
0.0016942148795351386070251
0.0016859340248629450798035
0.0016777175478637218475342
0.0016695560188964009284973
0.0016614617779850959777832
0.0016534698661416769027710
0.0016455036820843815803528
0.0016376206185668706893921
0.0016297881957143545150757
0.0016220194520428776741028
0.0016142927343025803565979
0.0016066662501543760299683
0.0015990618849173188209534
0.0015915835974738001823425
0.0015840610722079873085022
0.0015766788274049758911133
0.0015693466411903500556946
0.0015620192280039191246033
0.0015547673683613538742065
0.0015475921100005507469177
0.0015404832083731889724731
0.0015333951450884342193604
0.0015263876412063837051392
0.0015194384614005684852600
0.0015125249046832323074341
0.0015056364936754107475281
0.0014988451730459928512573
0.0014920810936018824577332
0.0014853806933388113975525
0.0014787333784624934196472
0.0014720921171829104423523
0.0014655780978500843048096
0.0014590600039809942245483
0.0014525746228173375129700
0.0014461473328992724418640
0.0014397915219888091087341
0.0014334836741909384727478
0.0014272002736106514930725
0.0014209665823727846145630
0.0014147962210699915885925
0.0014086402952671051025391
0.0014025495620444416999817
0.0013965248363092541694641
0.0013904798543080687522888
0.0013845401117578148841858
0.0013786065392196178436279
0.0013727426994591951370239
0.0013668991159647703170776
0.0013611145550385117530823
0.0013553261524066329002380
0.0013496495084837079048157
0.0013439449248835444450378
0.0013383153127506375312805
0.0013326847692951560020447
0.0013271181378513574600220
0.0013216292718425393104553
0.0013161415699869394302368
0.0013107331469655036926270
0.0013053010916337370872498
0.0012999239843338727951050
0.0012946156784892082214355
0.0012893248349428176879883
0.0012840516865253448486328
0.0012788497842848300933838
0.0012736138887703418731689
0.0012684906832873821258545
0.0012633478036150336265564
0.0012582659255713224411011
0.0012532188557088375091553
0.0012482209131121635437012
0.0012432592920958995819092
0.0012382669374346733093262
0.0012333797058090567588806
0.0012285034172236919403076
0.0012236115289852023124695
0.0012187996180728077888489
0.0012140140170231461524963
0.0012092551914975047111511
0.0012045099865645170211792
0.0011998203117400407791138
0.0011951451888307929039001
0.0011905406136065721511841
0.0011859240476042032241821
0.0011813514865934848785400
0.0011767954565584659576416
0.0011722567724063992500305
0.0011677775764837861061096
0.0011633307440206408500671
0.0011588885681703686714172
0.0011544794542714953422546
0.0011500898981466889381409
0.0011457914952188730239868
0.0011414710897952318191528
0.0011371428845450282096863
0.0011328790569677948951721
0.0011286372318863868713379
0.0011244320776313543319702
0.0011202209861949086189270
0.0011160762514919042587280
0.0011119553819298744201660
0.0011078297393396496772766
0.0011037429794669151306152
0.0010996521450579166412354
0.0010956304613500833511353
0.0010916052851825952529907
0.0010876359883695840835571
0.0010836932342499494552612
0.0010797334834933280944824
0.0010758306598290801048279
0.0010719262063503265380859
0.0010680799605324864387512
0.0010642325505614280700684
0.0010603844420984387397766
0.0010565806878730654716492
0.0010528069688007235527039
0.0010490635177120566368103
0.0010453207651153206825256
0.0010416393633931875228882
0.0010379439918324351310730
0.0010342805180698633193970
0.0010306341573596000671387
0.0010270050261169672012329
0.0010233783395960927009583
0.0010198157979175448417664
0.0010162407997995615005493
0.0010126999113708734512329
0.0010092091979458928108215
0.0010057223262265324592590
0.0010022396454587578773499
0.0009987615048885345458984
0.0009953192202374339103699
0.0009918976575136184692383
0.0009884969331324100494385
0.0009851412614807486534119
0.0009817994432523846626282
0.0009784558787941932678223
0.0009751266916282474994659
0.0009718040819279849529266
0.0009685043478384613990784
0.0009652515873312950134277
0.0009620144264772534370422
0.0009587770327925682067871
0.0009555395809002220630646
0.0009523666230961680412292
0.0009491862147115170955658
0.0009460306609980762004852
0.0009428923367522656917572
0.0009397632675245404243469
0.0009366599842905998229980
0.0009335502400062978267670
0.0009304995182901620864868
0.0009274344774894416332245
0.0009243882959708571434021
0.0009213609737344086170197
0.0009183529764413833618164
0.0009153809514828026294708
0.0009123957133851945400238
0.0009094469714909791946411
0.0009064936311915516853333
0.0009035857510752975940704
0.0009006904438138008117676
0.0008977491525001823902130
0.0008948877220973372459412
0.0008920226246118545532227
0.0008891708566807210445404
0.0008863495895639061927795
0.0008835251210257411003113
0.0008807401172816753387451
0.0008779353811405599117279
0.0008751365239731967449188
0.0008724034414626657962799
0.0008696425356902182102203
0.0008669395465403795242310
0.0008641917956992983818054
0.0008615282713435590267181
0.0008588030468672513961792
0.0008561194408684968948364
0.0008534865919500589370728
0.0008508529281243681907654
0.0008482096600346267223358
0.0008455656352452933788300
0.0008429909357801079750061
0.0008403896936215460300446
0.0008378057973459362983704
0.0008352306322194635868073
0.0008326731622219085693359
0.0008301336783915758132935
0.0008276122389361262321472
0.0008251003455370664596558
0.0008225803030654788017273
0.0008201234159059822559357
0.0008176320116035640239716
0.0008151954971253871917725
0.0008127067121677100658417
0.0008102731080725789070129
0.0008078502141870558261871
0.0008054471109062433242798
0.0008030551252886652946472
0.0008006744319573044776917
0.0007982687675394117832184
0.0007958926726132631301880
0.0007935190806165337562561
0.0007911937427707016468048
0.0007888713153079152107239
0.0007865611114539206027985
0.0007842448540031909942627
0.0007819319143891334533691
0.0007786391070112586021423
0.0007741238223388791084290
0.0007696194807067513465881
0.0007651827763766050338745
0.0007607732550241053104401
0.0007564104744233191013336
0.0007520955987274646759033
0.0007478158222511410713196
0.0007435862207785248756409
0.0007393747218884527683258
0.0007352060638368129730225
0.0007311052759177982807159
0.0007270206697285175323486
0.0007229772163555026054382
0.0007189710740931332111359
0.0007150032906793057918549
0.0007110698497854173183441
0.0007071667350828647613525
0.0007033097790554165840149
0.0006994750001467764377594
0.0006956832366995513439178
0.0006919453153386712074280
0.0006882072775624692440033
0.0006845148745924234390259
0.0006808539037592709064484
0.0006772301858291029930115
0.0006736498326063156127930
0.0006700779194943606853485
0.0006665457622148096561432
0.0006630388088524341583252
0.0006595783052034676074982
0.0006561342161148786544800
0.0006527278455905616283417
0.0006493548280559480190277
0.0006459950236603617668152
0.0006426804466173052787781
0.0006393803632818162441254
0.0006361164269037544727325
0.0006328840972855687141418
0.0006296628853306174278259
0.0006264904513955116271973
0.0006233303574845194816589
0.0006202044896781444549561
0.0006171027780510485172272
0.0006140312761999666690826
0.0006109634414315223693848
0.0006079323939047753810883
0.0006049333023838698863983
0.0006019558641128242015839
0.0005990006611682474613190
0.0005960736307315528392792
0.0005931589403189718723297
0.0005902901757508516311646
0.0005874292110092937946320
0.0005845820414833724498749
0.0005817657802253961563110
0.0005789867136627435684204
0.0005762228975072503089905
0.0005734635633416473865509
0.0005707429954782128334045
0.0005680390167981386184692
0.0005653579137288033962250
0.0005627172067761421203613
0.0005600544973276555538177
0.0005574388778768479824066
0.0005548421177081763744354
0.0005522647988982498645782
0.0005497014499269425868988
0.0005471582408063113689423
0.0005446415161713957786560
0.0005421399837359786033630
0.0005396540509536862373352
0.0005371900042518973350525
0.0005347541300579905509949
0.0005323291989043354988098
0.0005299214390106499195099
0.0005275371950119733810425
0.0005251588881947100162506
0.0005227989167906343936920
0.0005204816698096692562103
0.0005181533633731305599213
0.0005158444982953369617462
0.0005135613610036671161652
0.0005112923099659383296967
0.0005090437480248510837555
0.0005068099708296358585358
0.0005045850994065403938293
0.0005023940466344356536865
0.0005002001998946070671082
0.0004980285884812474250793
0.0004958733334206044673920
0.0004937410121783614158630
0.0004916132311336696147919
0.0004895027377642691135406
0.0004874129372183233499527
0.0004853222053498029708862
0.0004832591512240469455719
0.0004812273255083709955215
0.0004791857791133224964142
0.0004771569801960140466690
0.0004751636006403714418411
0.0004731578810606151819229
0.0004711850197054445743561
0.0004692163493018597364426
0.0004672682553064078092575
0.0004653313662856817245483
0.0004634057986550033092499
0.0004614951903931796550751
0.0004596030630636960268021
0.0004577132349368184804916
0.0004558424116112291812897
0.0004539776127785444259644
0.0004521356313489377498627
0.0004502967931330204010010
0.0004484813252929598093033
0.0004466594837140291929245
0.0004448614490684121847153
0.0004430841654539108276367
0.0004413111892063170671463
0.0004395493597257882356644
0.0004378022567834705114365
0.0004360702587291598320007
0.0004343296168372035026550
0.0004326044290792196989059
0.0004309118958190083503723
0.0004292147350497543811798
0.0004275405080989003181458
0.0004258585686329752206802
0.0004242000286467373371124
0.0004225478041917085647583
0.0004209125181660056114197
0.0004192874766886234283447
0.0004176588845439255237579
0.0004160582902841269969940
0.0004144580161664634943008
0.0004128721484448760747910
0.0004113045288249850273132
0.0004097341443412005901337
0.0004081716469954699277878
0.0004066315304953604936600
0.0004050890274811536073685
0.0004035621241200715303421
0.0004020402557216584682465
0.0004005272348877042531967
0.0003990267578046768903732
0.0003975461877416819334030
0.0003960641624871641397476
0.0003945951757486909627914
0.0003931285755243152379990
0.0003916717541869729757309
0.0003902321041096001863480
0.0003888026403728872537613
0.0003873650857713073492050
0.0003859415301121771335602
0.0003845322644338011741638
0.0003831373178400099277496
0.0003817459219135344028473
0.0003803617728408426046371
0.0003789776528719812631607
0.0003776122757699340581894
0.0003762583655770868062973
0.0003749085590243339538574
0.0003735592472366988658905
0.0003722293186001479625702
0.0003709001175593584775925
0.0003695831110235303640366
0.0003682708193082362413406
0.0003669672005344182252884
0.0003656761255115270614624
0.0003643749514594674110413
0.0003631095169112086296082
0.0003618226619437336921692
0.0003605681122280657291412
0.0003592998837120831012726
0.0003580411721486598253250
0.0003568075771909207105637
0.0003555761068128049373627
0.0003543389611877501010895
0.0003531196562107652425766
0.0003519066085573285818100
0.0003506999346427619457245
0.0003494958218652755022049
0.0003482942993286997079849
0.0003471113450359553098679
0.0003459312429185956716537
0.0003447540511842817068100
0.0003435878606978803873062
0.0003424168680794537067413
0.0003412689839024096727371
0.0003401245048735290765762
0.0003389754274394363164902
0.0003378459077794104814529
0.0003366999153513461351395
0.0003355938824824988842010
0.0003344633732922375202179
0.0003333569911774247884750
0.0003322545962873846292496
0.0003311644250061362981796
0.0003300621465314179658890
0.0003289804153610020875931
0.0003279030497651547193527
0.0003268136933911591768265
0.0003257534699514508247375
0.0003246896667405962944031
0.0003236346528865396976471
0.0003225844411645084619522
0.0003215348988305777311325
0.0003204861714038997888565
0.0003194590681232511997223
0.0003184287634212523698807
0.0003174120502080768346786
0.0003163880028296262025833
0.0003153819416183978319168
0.0003143686626572161912918
0.0003133693535346537828445
0.0003123714122921228408813
0.0003113791171927005052567
0.0003104053321294486522675
0.0003094119019806385040283
0.0003084370982833206653595
0.0003074683190789073705673
0.0003065099008381366729736
0.0003055404522456228733063
0.0003045900957658886909485
0.0003036331618204712867737
0.0003026868216693401336670
0.0003017556446138769388199
0.0003008223429787904024124
0.0002998869167640805244446
0.0002989581262227147817612
0.0002980360877700150012970
0.0002971208887174725532532
0.0002962125290650874376297
0.0002953023940790444612503
0.0002943948493339121341705
0.0002934988006018102169037
0.0002926010929513722658157
0.0002917150268331170082092
0.0002908362948801368474960
0.0002899516257457435131073
0.0002890788018703460693359
0.0002882090921048074960709
0.0002873424673452973365784
0.0002864745329134166240692
0.0002856278151739388704300
0.0002847618598025292158127
0.0002839172666426748037338
0.0002830715966410934925079
0.0002822293608915060758591
0.0002813906467054039239883
0.0002805554831866174936295
0.0002797284978441894054413
0.0002789097779896110296249
0.0002780856739263981580734
0.0002772607549559324979782
0.0002764580131042748689651
0.0002752912405412644147873
0.0002736918686423450708389
0.0002721018681768327951431
0.0002705332881305366754532
0.0002689725952222943305969
0.0002674318093340843915939
0.0002659090387169271707535
0.0002643929037731140851974
0.0002628979273140430450439
0.0002614079276099801063538
0.0002599374856799840927124
0.0002584846224635839462280
0.0002570425567682832479477
0.0002556115796323865652084
0.0002541968424338847398758
0.0002527915057726204395294
0.0002514006628189235925674
0.0002500197733752429485321
0.0002486578305251896381378
0.0002473039785400032997131
0.0002459598181303590536118
0.0002446343132760375738144
0.0002433203480904921889305
0.0002420132077531889081001
0.0002407194260740652680397
0.0002394405455561354756355
0.0002381718804826959967613
0.0002369085559621453285217
0.0002356546319788321852684
0.0002344219246879220008850
0.0002331953437533229589462
0.0002319815685041248798370
0.0002307744143763557076454
0.0002295779850101098418236
0.0002283964422531425952911
0.0002272183337481692433357
0.0002260608889628201723099
0.0002248981036245822906494
0.0002237564913230016827583
0.0002226218348369002342224
0.0002214996347902342677116
0.0002203794865636155009270
0.0002192722313338890671730
0.0002181754534831270575523
0.0002170920924982056021690
0.0002160101721528917551041
0.0002149353240383788943291
0.0002138758718501776456833
0.0002128266351064667105675
0.0002117768599418923258781
0.0002107417531078681349754
0.0002097146934829652309418
0.0002086945023620501160622
0.0002076827222481369972229
0.0002066837332677096128464
0.0002056879602605476975441
0.0002047025773208588361740
0.0002037235244642943143845
0.0002027524315053597092628
0.0002017865917878225445747
0.0002008332812692970037460
0.0001998827356146648526192
0.0001989479496842250227928
0.0001980076340259984135628
0.0001970848534256219863892
0.0001961683301487937569618
0.0001952524035004898905754
0.0001943459210451692342758
0.0001934490137500688433647
0.0001925604010466486215591
0.0001916743931360542774200
0.0001907984551507979631424
0.0001899298076750710606575
0.0001890656130854040384293
0.0001882045617094263434410
0.0001873556466307491064072
0.0001865101367002353072166
0.0001856725866673514246941
0.0001848416723078116774559
0.0001840115146478638052940
0.0001831972622312605381012
0.0001823825004976242780685
0.0001815718278521671891212
0.0001807684166124090552330
0.0001799739402486011385918
0.0001791854592738673090935
0.0001784000342013314366341
0.0001776208227965980768204
0.0001768495276337489485741
0.0001760800369083881378174
0.0001753186952555552124977
0.0001745656045386567711830
0.0001738099817885085940361
0.0001730675139697268605232
0.0001723258174024522304535
0.0001715928374323993921280
0.0001708623894955962896347
0.0001701393193798139691353
0.0001694157690508291125298
0.0001687061885604634881020
0.0001679931156104430556297
0.0001672894140938296914101
0.0001665855961618945002556
0.0001658897672314196825027
0.0001652036589803174138069
0.0001645176962483674287796
0.0001638416433706879615784
0.0001631626364542171359062
0.0001624904980417340993881
0.0001618269598111510276794
0.0001611656043678522109985
0.0001605064608156681060791
0.0001598562230356037616730
0.0001592017360962927341461
0.0001585613354109227657318
0.0001579184754518792033195
0.0001572832406964153051376
0.0001566523569636046886444
0.0001560276141390204429626
0.0001554074115119874477386
0.0001547833671793341636658
0.0001541724632261320948601
0.0001535629271529614925385
0.0001529514411231502890587
0.0001523499522591009736061
0.0001517517521278932690620
0.0001511568989371880888939
0.0001505637483205646276474
0.0001499775389675050973892
0.0001493931486038491129875
0.0001488175767008215188980
0.0001482405059505254030228
0.0001476689358241856098175
0.0001470994320698082447052
0.0001465320965507999062538
0.0001459721970604732632637
0.0001454163430025801062584
0.0001448610710212960839272
0.0001443099317839369177818
0.0001437612372683361172676
0.0001432239369023591279984
0.0001426838862244039773941
0.0001421428605681285262108
0.0001416098821209743618965
0.0001410796539857983589172
0.0001405540097039192914963
0.0001400276232743635773659
0.0001395095314364880323410
0.0001389944227412343025208
0.0001384787174174562096596
0.0001379678724333643913269
0.0001374565181322395801544
0.0001369538076687604188919
0.0001364506606478244066238
0.0001359544985461980104446
0.0001354616542812436819077
0.0001349666854366660118103
0.0001344788324786350131035
0.0001339907757937908172607
0.0001335099950665608048439
0.0001330290688201785087585
0.0001325480552623048424721
0.0001320725859841331839561
0.0001316008711000904440880
0.0001311329397140070796013
0.0001306650956394150853157
0.0001302049204241484403610
0.0001297429989790543913841
0.0001292850647587329149246
0.0001288292696699500083923
0.0001283756282646209001541
0.0001279222924495115876198
0.0001274769747396931052208
0.0001270300999749451875687
0.0001265874889213591814041
0.0001261511497432366013527
0.0001257152907783165574074
0.0001252799556823447346687
0.0001248451881110668182373
0.0001244149025296792387962
0.0001239872071892023086548
0.0001235621166415512561798
0.0001231426576850935816765
0.0001227249304065480828285
0.0001223069848492741584778
0.0001218908364535309374332
0.0001214755102409981191158
0.0001210630434798076748848
0.0001206564484164118766785
0.0001202518033096566796303
0.0001198471290990710258484
0.0001194424476125277578831
0.0001190458278870210051537
0.0001186482768389396369457
0.0001182538326247595250607
0.0001178615420940332114697
0.0001174704084405675530434
0.0001170824980363249778748
0.0001166937800007872283459
0.0001163124397862702608109
0.0001159293096861802041531
0.0001155485369963571429253
0.0001151701217168010771275
0.0001147941220551729202271
0.0001144226189353503286839
0.0001140494641731493175030
0.0001136808714363723993301
0.0001133117038989439606667
0.0001129482188844121992588
0.0001125863054767251014709
0.0001122186440625227987766
0.0001118609652621671557426
0.0001115028280764818191528
0.0001111463570850901305676
0.0001107936986954882740974
0.0001104406401282176375389
0.0001100925146602094173431
0.0001097419226425699889660
0.0001093920654966495931149
0.0001090504301828332245350
0.0001087053169612772762775
0.0001083674433175474405289
0.0001080239744624122977257
0.0001076910339179448783398
0.0001073503808584064245224
0.0001070149301085621118546
0.0001066858239937573671341
0.0001063566160155460238457
0.0001060262075043283402920
0.0001056957044056616723537
0.0001053738669725134968758
0.0001050487117026932537556
0.0001047257246682420372963
0.0001044038290274329483509
0.0001040841452777385711670
0.0001037667097989469766617
0.0001034515298670157790184
0.0001031375431921333074570
0.0001028225378831848502159
0.0001025154269882477819920
0.0001022040014504455029964
0.0001018994371406733989716
0.0001015883390209637582302
0.0001012841385090723633766
0.0001009812767733819782734
0.0001006808888632804155350
0.0001003818906610831618309
0.0001000843039946630597115
0.0000997835959424264729023
0.0000994865840766578912735
0.0000991898850770667195320
0.0000988992178463377058506
0.0000986089144134894013405
0.0000983201389317400753498
0.0000980306067503988742828
0.0000977414892986416816711
0.0000973298883764073252678
0.0000967654777923598885536
0.0000962024350883439183235
0.0000956478470470756292343
0.0000950966568780131638050
0.0000945513093029148876667
0.0000940119498409330844879
0.0000934769777813926339149
0.0000929482775973156094551
0.0000924218402360565960407
0.0000919007579796016216278
0.0000913881594897247850895
0.0000908775837160646915436
0.0000903721520444378256798
0.0000898713842616416513920
0.0000893754113349132239819
0.0000888837312231771647930
0.0000883958418853580951691
0.0000879137223819270730019
0.0000874343750183470547199
0.0000869604045874439179897
0.0000864931644173339009285
0.0000860259096953086555004
0.0000855643593240529298782
0.0000851067379699088633060
0.0000846537732286378741264
0.0000842062290757894515991
0.0000837597399367950856686
0.0000833182202768512070179
0.0000828798511065542697906
0.0000824472881504334509373
0.0000820167770143598318100
0.0000815909806988202035427
0.0000811693535069935023785
0.0000807493779575452208519
0.0000803350558271631598473
0.0000799225454102270305157
0.0000795145533629693090916
0.0000791105121606960892677
0.0000787078606663271784782
0.0000783113064244389533997
0.0000779162946855649352074
0.0000775255612097680568695
0.0000771378472563810646534
0.0000767539095249958336353
0.0000763704301789402961731
0.0000759915492380969226360
0.0000756166627979837357998
0.0000752444830141030251980
0.0000748750826460309326649
0.0000745092038414441049099
0.0000741448675398714840412
0.0000737862719688564538956
0.0000734286513761617243290
0.0000730727551854215562344
0.0000727207225281745195389
0.0000723733392078429460526
0.0000720278621884062886238
0.0000716829454177059233189
0.0000713428744347766041756
0.0000710048770997673273087
0.0000706697392161004245281
0.0000703396508470177650452
0.0000700068121659569442272
0.0000696798597346059978008
0.0000693552647135220468044
0.0000690330998622812330723
0.0000687126812408678233624
0.0000683947801007889211178
0.0000680801895214244723320
0.0000677674979669973254204
0.0000674567563692107796669
0.0000671487505314871668816
0.0000668442662572488188744
0.0000665411498630419373512
0.0000662401798763312399387
0.0000659421493764966726303
0.0000656448610243387520313
0.0000653498645988292992115
0.0000650602087262086570263
0.0000647691704216413199902
0.0000644805622869171202183
0.0000641951701254583895206
0.0000639115387457422912121
0.0000636304685031063854694
0.0000633512463537044823170
0.0000630731374258175492287
0.0000627992558293044567108
0.0000625250249868258833885
0.0000622535735601559281349
0.0000619841666775755584240
0.0000617176265222951769829
0.0000614516538917087018490
0.0000611878422205336391926
0.0000609266171522904187441
0.0000606652756687253713608
0.0000604073939030058681965
0.0000601534156885463744402
0.0000598982223891653120518
0.0000596446225245017558336
0.0000593954500800464302301
0.0000591447351325768977404
0.0000588981274631805717945
0.0000586520436627324670553
0.0000584085319133009761572
0.0000581664207857102155685
0.0000579257248318754136562
0.0000576868987991474568844
0.0000574503828829620033503
0.0000572141543671023100615
0.0000569803014514036476612
0.0000567472015973180532455
0.0000565169539186172187328
0.0000562870991416275501251
0.0000560601656616199761629
0.0000558324354642536491156
0.0000556076811335515230894
0.0000553855206817388534546
0.0000551638986507896333933
0.0000549436699657235294580
0.0000547252820979338139296
0.0000545087823411449790001
0.0000542912021046504378319
0.0000540755536349024623632
0.0000538639869773760437965
0.0000536518418812192976475
0.0000534425635123625397682
0.0000532323210791219025850
0.0000530250035808421671391
0.0000528184755239635705948
0.0000526140647707507014275
0.0000524109345860779285431
0.0000522073605679906904697
0.0000520072862855158746243
0.0000518072520208079367876
0.0000516090185556095093489
0.0000514130661031231284142
0.0000512167680426500737667
0.0000510214558744337409735
0.0000508289413119200617075
0.0000506361284351442009211
0.0000504452655150089412928
0.0000502550319652073085308
0.0000500659043609630316496
0.0000498783447255846112967
0.0000496932734677102416754
0.0000495080203108955174685
0.0000493243969685863703489
0.0000491410719405394047499
0.0000489589692733716219664
0.0000487790130137000232935
0.0000486003300466109067202
0.0000484206357214134186506
0.0000482426912640221416950
0.0000480665330542251467705
0.0000478921647300012409687
0.0000477182402391918003559
0.0000475452216051053255796
0.0000473722066089976578951
0.0000472015344712417572737
0.0000470322956971358507872
0.0000468635698780417442322
0.0000466949059045873582363
0.0000465286648250184953213
0.0000463625146949198096991
0.0000461978888779412955046
0.0000460338524135295301676
0.0000458709000668022781610
0.0000457095156889408826828
0.0000455468689324334263802
0.0000453886896139010787010
0.0000452278327429667115211
0.0000450710140285082161427
0.0000449124854640103876591
0.0000447551465185824781656
0.0000446009471488650888205
0.0000444470133516006171703
0.0000442923701484687626362
0.0000441399570263456553221
0.0000439883260696660727262
0.0000438374918303452432156
0.0000436869777331594377756
0.0000435367874160874634981
0.0000433889181294944137335
0.0000432414053648244589567
0.0000430942563980352133512
0.0000429484825872350484133
0.0000428021085099317133427
0.0000426586229878012090921
0.0000425155631091911345720
0.0000423719284299295395613
0.0000422307384724263101816
0.0000420874894189182668924
0.0000419492353103123605251
0.0000418079216615296900272
0.0000416696238971780985594
0.0000415318245359230786562
0.0000413955531257670372725
0.0000412577683164272457361
0.0000411225519201252609491
0.0000409878812206443399191
0.0000408517116738948971033
0.0000407191837439313530922
0.0000405862083425745368004
0.0000404543316108174622059
0.0000403230551455635577440
0.0000401918623538222163916
0.0000400607714254874736071
0.0000399323835154063999653
0.0000398035954276565462351
0.0000396765062760096043348
0.0000395485003537032753229
0.0000394227427022997289896
0.0000392960828321520239115
0.0000391711691918317228556
0.0000390464265365153551102
0.0000389223896490875631571
0.0000388006665161810815334
0.0000386764877475798130035
0.0000385546372854150831699
0.0000384335398848634213209
0.0000383137376047670841217
0.0000381925565307028591633
0.0000380737619707360863686
0.0000379541452275589108467
0.0000378358527086675167084
0.0000377194555767346173525
0.0000376027928723488003016
0.0000374858645955100655556
0.0000373697657778393477201
0.0000372545109712518751621
0.0000371401110896840691566
0.0000370265661331359297037
0.0000369127992598805576563
0.0000367993561667390167713
0.0000366873500752262771130
0.0000365751366189215332270
0.0000364643783541396260262
0.0000363545368600171059370
0.0000362439532182179391384
0.0000361348502337932586670
0.0000360261365131009370089
0.0000359178084181621670723
0.0000358093166141770780087
0.0000357034768967423588037
0.0000355952324753161519766
0.0000354896583303343504667
0.0000353839495801366865635
0.0000352786701114382594824
0.0000351738308381754904985
0.0000350694353983271867037
0.0000349660622305236756802
0.0000348637222487013787031
0.0000347607092407997697592
0.0000346575943694915622473
0.0000345572516380343586206
