348106.2187500000000000000000000
344071.2500000000000000000000000
340090.3125000000000000000000000
336173.3125000000000000000000000
332312.6875000000000000000000000
328514.5625000000000000000000000
324772.5000000000000000000000000
321088.9062500000000000000000000
317459.7812500000000000000000000
313887.4062500000000000000000000
310362.5937500000000000000000000
306894.0000000000000000000000000
303480.0625000000000000000000000
300112.6875000000000000000000000
296795.3750000000000000000000000
293527.7812500000000000000000000
290309.4687500000000000000000000
287133.4062500000000000000000000
284005.7500000000000000000000000
280923.3125000000000000000000000
277884.3437500000000000000000000
274893.5625000000000000000000000
271939.7500000000000000000000000
269034.4375000000000000000000000
266162.1875000000000000000000000
263337.2187500000000000000000000
260550.8281250000000000000000000
257799.5468750000000000000000000
255092.3125000000000000000000000
252421.5937500000000000000000000
249786.6250000000000000000000000
247186.6875000000000000000000000
244626.5781250000000000000000000
242099.9687500000000000000000000
239610.2656250000000000000000000
237149.6562500000000000000000000
234724.3125000000000000000000000
232330.5937500000000000000000000
229973.2968750000000000000000000
227644.4687500000000000000000000
225350.3281250000000000000000000
223084.2968750000000000000000000
220851.1406250000000000000000000
218647.0781250000000000000000000
216471.1718750000000000000000000
214320.9687500000000000000000000
212204.2343750000000000000000000
210111.9531250000000000000000000
208046.7656250000000000000000000
206009.8750000000000000000000000
203999.4843750000000000000000000
202016.0312500000000000000000000
200058.5000000000000000000000000
198124.2968750000000000000000000
196217.5468750000000000000000000
194334.1875000000000000000000000
192471.5937500000000000000000000
190635.3750000000000000000000000
188821.4375000000000000000000000
187033.9218750000000000000000000
185264.0625000000000000000000000
183520.6093750000000000000000000
181798.5625000000000000000000000
180095.2031250000000000000000000
178413.1093750000000000000000000
176754.9843750000000000000000000
175114.1718750000000000000000000
173492.5468750000000000000000000
171895.0625000000000000000000000
170317.3750000000000000000000000
168753.5000000000000000000000000
167214.7343750000000000000000000
165690.3281250000000000000000000
164189.2656250000000000000000000
162699.9375000000000000000000000
161232.9375000000000000000000000
159782.9843750000000000000000000
158348.6875000000000000000000000
156931.1406250000000000000000000
155533.0156250000000000000000000
154149.7031250000000000000000000
152784.7031250000000000000000000
151434.1718750000000000000000000
150100.8281250000000000000000000
148778.3281250000000000000000000
147476.7500000000000000000000000
146188.1093750000000000000000000
144914.2500000000000000000000000
143656.2343750000000000000000000
142413.4375000000000000000000000
141183.5937500000000000000000000
139969.3906250000000000000000000
138765.1875000000000000000000000
137577.8750000000000000000000000
136405.1250000000000000000000000
135240.3906250000000000000000000
134094.8593750000000000000000000
132961.9531250000000000000000000
131834.1406250000000000000000000
130726.1406250000000000000000000
129630.4218750000000000000000000
128545.4531250000000000000000000
127471.3984375000000000000000000
126411.0000000000000000000000000
125362.7187500000000000000000000
124324.1015625000000000000000000
123297.8906250000000000000000000
122282.5312500000000000000000000
121279.0390625000000000000000000
120285.8203125000000000000000000
119306.5546875000000000000000000
118333.4218750000000000000000000
117371.8828125000000000000000000
116421.1796875000000000000000000
115480.5859375000000000000000000
114548.4375000000000000000000000
113630.2343750000000000000000000
112719.8515625000000000000000000
111821.9296875000000000000000000
110929.3515625000000000000000000
110046.7656250000000000000000000
109173.4062500000000000000000000
108312.0937500000000000000000000
107457.5312500000000000000000000
106612.0781250000000000000000000
105776.3203125000000000000000000
104948.0859375000000000000000000
104129.3281250000000000000000000
103319.2421875000000000000000000
102515.6015625000000000000000000
101724.0937500000000000000000000
100936.9296875000000000000000000
100160.7187500000000000000000000
99390.9140625000000000000000000
98628.5468750000000000000000000
97874.6406250000000000000000000
97128.3671875000000000000000000
96390.3046875000000000000000000
95657.6875000000000000000000000
94934.4140625000000000000000000
94217.7265625000000000000000000
93507.7109375000000000000000000
92806.3671875000000000000000000
92110.9218750000000000000000000
91423.3828125000000000000000000
90740.9296875000000000000000000
90066.0781250000000000000000000
89396.9453125000000000000000000
88736.5625000000000000000000000
88080.1250000000000000000000000
87431.6171875000000000000000000
86790.1484375000000000000000000
86155.3046875000000000000000000
85525.6796875000000000000000000
84901.3593750000000000000000000
84283.8828125000000000000000000
83672.3437500000000000000000000
83067.3125000000000000000000000
82466.8671875000000000000000000
81872.0781250000000000000000000
81284.0078125000000000000000000
80701.7187500000000000000000000
80123.7812500000000000000000000
79552.7734375000000000000000000
78987.7578125000000000000000000
78425.2578125000000000000000000
77870.3906250000000000000000000
77318.1484375000000000000000000
76774.1875000000000000000000000
76232.9609375000000000000000000
75698.6250000000000000000000000
75168.6640625000000000000000000
74643.6640625000000000000000000
74124.1875000000000000000000000
73608.2265625000000000000000000
73097.9062500000000000000000000
72591.7343750000000000000000000
72090.7890625000000000000000000
71594.0937500000000000000000000
71101.1640625000000000000000000
70614.1640625000000000000000000
70130.5156250000000000000000000
69651.8359375000000000000000000
69177.6562500000000000000000000
68708.5703125000000000000000000
68242.4843750000000000000000000
67779.4453125000000000000000000
67322.1718750000000000000000000
66869.6484375000000000000000000
66419.2343750000000000000000000
65973.1171875000000000000000000
65531.8867187500000000000000000
65095.5937500000000000000000000
64661.5781250000000000000000000
64232.0390625000000000000000000
63807.0312500000000000000000000
63382.7851562500000000000000000
62965.8710937500000000000000000
62550.3398437500000000000000000
62141.1523437500000000000000000
61732.8632812500000000000000000
61327.7031250000000000000000000
60927.3632812500000000000000000
60529.6796875000000000000000000
60137.4492187500000000000000000
59747.4023437500000000000000000
59359.5546875000000000000000000
58976.7304687500000000000000000
58595.6210937500000000000000000
58220.7421875000000000000000000
57846.5156250000000000000000000
57476.3515625000000000000000000
57108.5898437500000000000000000
56743.8242187500000000000000000
56383.7890625000000000000000000
56025.1210937500000000000000000
55671.2578125000000000000000000
55318.2460937500000000000000000
54968.3945312500000000000000000
54622.8789062500000000000000000
54278.8671875000000000000000000
53940.4140625000000000000000000
53600.6406250000000000000000000
53267.0664062500000000000000000
52935.1093750000000000000000000
52605.3671875000000000000000000
52279.6132812500000000000000000
51957.0156250000000000000000000
51634.6757812500000000000000000
51314.9492187500000000000000000
51000.7968750000000000000000000
50687.5625000000000000000000000
50376.4414062500000000000000000
50068.3359375000000000000000000
49761.8046875000000000000000000
49459.5351562500000000000000000
49159.1757812500000000000000000
48860.7617187500000000000000000
48564.6093750000000000000000000
48271.3359375000000000000000000
47979.4687500000000000000000000
47692.6367187500000000000000000
47405.7656250000000000000000000
47121.2695312500000000000000000
46839.1757812500000000000000000
46558.8984375000000000000000000
46282.2812500000000000000000000
46007.2265625000000000000000000
45733.7539062500000000000000000
45462.1875000000000000000000000
45193.7656250000000000000000000
44926.6796875000000000000000000
44662.1757812500000000000000000
44400.2734375000000000000000000
44139.4609375000000000000000000
43880.9843750000000000000000000
43513.2773437500000000000000000
43008.9062500000000000000000000
42511.2890625000000000000000000
42021.6640625000000000000000000
41539.0859375000000000000000000
41064.3203125000000000000000000
40596.5625000000000000000000000
40136.1132812500000000000000000
39682.4726562500000000000000000
39235.9257812500000000000000000
38795.3242187500000000000000000
38361.7500000000000000000000000
37935.0078125000000000000000000
37514.0859375000000000000000000
37099.4218750000000000000000000
36690.9726562500000000000000000
36288.6835937500000000000000000
35891.6757812500000000000000000
35500.7187500000000000000000000
35115.4140625000000000000000000
34735.5429687500000000000000000
34361.6953125000000000000000000
33992.4687500000000000000000000
33629.3046875000000000000000000
33270.2734375000000000000000000
32917.1523437500000000000000000
32568.8535156250000000000000000
32224.9433593750000000000000000
31886.5390625000000000000000000
31552.6992187500000000000000000
31223.3281250000000000000000000
30898.3359375000000000000000000
30578.3222656250000000000000000
30262.4960937500000000000000000
29951.2832031250000000000000000
29643.7070312500000000000000000
29340.5390625000000000000000000
29041.3242187500000000000000000
28746.6621093750000000000000000
28455.5585937500000000000000000
28168.7910156250000000000000000
27885.5371093750000000000000000
27606.3925781250000000000000000
27330.8847656250000000000000000
27058.8964843750000000000000000
26790.1210937500000000000000000
26525.5292968750000000000000000
26263.9941406250000000000000000
26005.8457031250000000000000000
25751.2343750000000000000000000
25499.9355468750000000000000000
25252.0039062500000000000000000
25007.3125000000000000000000000
24765.5371093750000000000000000
24527.1933593750000000000000000
24291.7734375000000000000000000
24058.9492187500000000000000000
23829.4218750000000000000000000
23602.6796875000000000000000000
23379.2402343750000000000000000
23158.0078125000000000000000000
22940.0761718750000000000000000
22724.8203125000000000000000000
22511.9003906250000000000000000
22301.6386718750000000000000000
22094.3730468750000000000000000
21889.2714843750000000000000000
21686.5683593750000000000000000
21486.8828125000000000000000000
21289.6718750000000000000000000
21094.1875000000000000000000000
20901.8417968750000000000000000
20711.2910156250000000000000000
20523.6582031250000000000000000
20337.4921875000000000000000000
20154.1171875000000000000000000
19972.8730468750000000000000000
19793.5859375000000000000000000
19616.3925781250000000000000000
19441.6269531250000000000000000
19268.7128906250000000000000000
19098.0878906250000000000000000
18929.2714843750000000000000000
18762.6035156250000000000000000
18597.2910156250000000000000000
18434.5937500000000000000000000
18273.5136718750000000000000000
18114.2812500000000000000000000
17957.0292968750000000000000000
17801.6796875000000000000000000
17647.9492187500000000000000000
17496.1738281250000000000000000
17345.6484375000000000000000000
17197.2343750000000000000000000
17050.6406250000000000000000000
16905.0488281250000000000000000
16761.8574218750000000000000000
16620.2441406250000000000000000
16479.2675781250000000000000000
16340.7675781250000000000000000
16203.8027343750000000000000000
16068.1816406250000000000000000
15933.9248046875000000000000000
15801.3750000000000000000000000
15670.3398437500000000000000000
15540.5126953125000000000000000
15412.2363281250000000000000000
15285.3164062500000000000000000
15159.8798828125000000000000000
15035.7275390625000000000000000
14913.3193359375000000000000000
14791.6777343750000000000000000
14671.4853515625000000000000000
14552.6474609375000000000000000
14435.0732421875000000000000000
14318.5546875000000000000000000
14203.7792968750000000000000000
14089.9814453125000000000000000
13977.7412109375000000000000000
13866.1689453125000000000000000
13755.8457031250000000000000000
13646.6757812500000000000000000
13539.0117187500000000000000000
13432.1914062500000000000000000
13326.5097656250000000000000000
13222.0400390625000000000000000
13118.5107421875000000000000000
13016.1660156250000000000000000
12914.9052734375000000000000000
12814.4501953125000000000000000
12715.5117187500000000000000000
12617.1162109375000000000000000
12520.0898437500000000000000000
12423.8642578125000000000000000
12328.5683593750000000000000000
12234.3300781250000000000000000
12141.0458984375000000000000000
12048.7880859375000000000000000
11957.2109375000000000000000000
11866.8017578125000000000000000
11777.2158203125000000000000000
11688.4638671875000000000000000
11600.7958984375000000000000000
11513.8652343750000000000000000
11427.9228515625000000000000000
11342.6162109375000000000000000
11258.2597656250000000000000000
11174.6181640625000000000000000
11092.0703125000000000000000000
11010.0156250000000000000000000
10928.9521484375000000000000000
10848.7685546875000000000000000
10769.4130859375000000000000000
10690.7099609375000000000000000
10612.6699218750000000000000000
10535.4853515625000000000000000
10459.0429687500000000000000000
10383.4140625000000000000000000
10308.3583984375000000000000000
10234.0097656250000000000000000
10160.5009765625000000000000000
10087.7148437500000000000000000
10015.4726562500000000000000000
9944.0966796875000000000000000
9873.4697265625000000000000000
9803.1572265625000000000000000
9733.7988281250000000000000000
9664.7685546875000000000000000
9596.7734375000000000000000000
9529.1201171875000000000000000
9462.3281250000000000000000000
9396.0830078125000000000000000
9330.4580078125000000000000000
9265.5234375000000000000000000
9201.0283203125000000000000000
9137.2382812500000000000000000
9073.9667968750000000000000000
9011.3486328125000000000000000
8949.2617187500000000000000000
8887.6455078125000000000000000
8826.7705078125000000000000000
8766.3144531250000000000000000
8706.4794921875000000000000000
8647.2070312500000000000000000
8588.5712890625000000000000000
8530.3105468750000000000000000
8472.4306640625000000000000000
8415.2714843750000000000000000
8358.7060546875000000000000000
8302.4042968750000000000000000
8246.6396484375000000000000000
8191.4858398437500000000000000
8136.9492187500000000000000000
8082.6972656250000000000000000
8029.0048828125000000000000000
7975.8789062500000000000000000
7922.8481445312500000000000000
7870.7338867187500000000000000
7818.7924804687500000000000000
7767.6440429687500000000000000
7716.6079101562500000000000000
7665.9628906250000000000000000
7615.9204101562500000000000000
7566.2099609375000000000000000
7517.1811523437500000000000000
7468.4252929687500000000000000
7419.9443359375000000000000000
7372.0913085937500000000000000
7324.4526367187500000000000000
7277.5927734375000000000000000
7230.8144531250000000000000000
7184.5439453125000000000000000
7138.5737304687500000000000000
7092.9780273437500000000000000
7047.9736328125000000000000000
7003.1401367187500000000000000
6958.9072265625000000000000000
6914.7807617187500000000000000
6871.0493164062500000000000000
6827.8598632812500000000000000
6784.8583984375000000000000000
6742.5517578125000000000000000
6700.0800781250000000000000000
6658.3833007812500000000000000
6616.8886718750000000000000000
6575.6708984375000000000000000
6534.9516601562500000000000000
6494.6269531250000000000000000
6454.3344726562500000000000000
6414.3686523437500000000000000
6375.0996093750000000000000000
6335.9453125000000000000000000
6297.0551757812500000000000000
6258.5419921875000000000000000
6220.2255859375000000000000000
6182.4418945312500000000000000
6144.8969726562500000000000000
6107.5952148437500000000000000
6070.5761718750000000000000000
6033.9169921875000000000000000
5997.4335937500000000000000000
5961.5795898437500000000000000
5925.7207031250000000000000000
5890.1586914062500000000000000
5854.8969726562500000000000000
5819.8623046875000000000000000
5785.2851562500000000000000000
5750.9033203125000000000000000
5716.7192382812500000000000000
5682.7734375000000000000000000
5649.2207031250000000000000000
5615.8349609375000000000000000
5582.7719726562500000000000000
5550.0341796875000000000000000
5517.4326171875000000000000000
5485.1230468750000000000000000
5439.1596679687500000000000000
5376.1132812500000000000000000
5313.9111328125000000000000000
5252.7080078125000000000000000
5192.3857421875000000000000000
5133.0400390625000000000000000
5074.5703125000000000000000000
5017.0141601562500000000000000
4960.3090820312500000000000000
4904.4907226562500000000000000
4849.4155273437500000000000000
4795.2187500000000000000000000
4741.8759765625000000000000000
4689.2607421875000000000000000
4637.4277343750000000000000000
4586.3715820312500000000000000
4536.0854492187500000000000000
4486.4594726562500000000000000
4437.5898437500000000000000000
4389.4267578125000000000000000
4341.9428710937500000000000000
4295.2119140625000000000000000
4249.0585937500000000000000000
4203.6630859375000000000000000
4158.7841796875000000000000000
4114.6440429687500000000000000
4071.1066894531250000000000000
4028.1179199218750000000000000
3985.8173828125000000000000000
3944.0874023437500000000000000
3902.9160156250000000000000000
3862.2919921875000000000000000
3822.2902832031250000000000000
3782.8120117187500000000000000
3743.9104003906250000000000000
3705.4633789062500000000000000
3667.5673828125000000000000000
3630.1655273437500000000000000
3593.3327636718750000000000000
3556.9448242187500000000000000
3521.0988769531250000000000000
3485.6921386718750000000000000
3450.7990722656250000000000000
3416.3605957031250000000000000
3382.3620605468750000000000000
3348.7651367187500000000000000
3315.6911621093750000000000000
3282.9992675781250000000000000
3250.7307128906250000000000000
3218.9042968750000000000000000
3187.4919433593750000000000000
3156.5004882812500000000000000
3125.9140625000000000000000000
3095.6921386718750000000000000
3065.8991699218750000000000000
3036.4716796875000000000000000
3007.3686523437500000000000000
2978.6777343750000000000000000
2950.3349609375000000000000000
2922.4050292968750000000000000
2894.7509765625000000000000000
2867.5095214843750000000000000
2840.6025390625000000000000000
2813.9875488281250000000000000
2787.7048339843750000000000000
2761.7966308593750000000000000
2736.1589355468750000000000000
2710.8210449218750000000000000
2685.8603515625000000000000000
2661.2089843750000000000000000
2636.7734375000000000000000000
2612.7302246093750000000000000
2588.9113769531250000000000000
2565.4572753906250000000000000
2542.1865234375000000000000000
2519.2646484375000000000000000
2496.6091308593750000000000000
2474.1982421875000000000000000
2452.0490722656250000000000000
2430.2033691406250000000000000
2408.5891113281250000000000000
2387.2609863281250000000000000
2366.1589355468750000000000000
2345.3254394531250000000000000
2324.6613769531250000000000000
2304.3242187500000000000000000
2284.1892089843750000000000000
2264.2851562500000000000000000
2244.6286621093750000000000000
2225.2099609375000000000000000
2205.9936523437500000000000000
2187.0217285156250000000000000
2168.2060546875000000000000000
2149.6542968750000000000000000
2131.3300781250000000000000000
2113.1311035156250000000000000
2095.2321777343750000000000000
2077.5305175781250000000000000
2059.9084472656250000000000000
2042.5959472656250000000000000
2025.4753417968750000000000000
2008.5227050781250000000000000
1991.7406005859375000000000000
1975.1718750000000000000000000
1958.7924804687500000000000000
1942.5640869140625000000000000
1926.5295410156250000000000000
1910.6645507812500000000000000
1894.9849853515625000000000000
1879.4659423828125000000000000
1864.1649169921875000000000000
1848.9597167968750000000000000
1833.9356689453125000000000000
1819.0809326171875000000000000
1804.3841552734375000000000000
1789.8193359375000000000000000
1775.4724121093750000000000000
1761.2476806640625000000000000
1747.2176513671875000000000000
1733.2711181640625000000000000
1719.4807128906250000000000000
1705.8344726562500000000000000
1692.3764648437500000000000000
1679.0239257812500000000000000
1665.8137207031250000000000000
1652.7550048828125000000000000
1639.8138427734375000000000000
1627.0207519531250000000000000
1614.3631591796875000000000000
1601.8062744140625000000000000
1589.4389648437500000000000000
1577.1395263671875000000000000
1565.0112304687500000000000000
1552.9830322265625000000000000
1541.0710449218750000000000000
1529.2912597656250000000000000
1517.6307373046875000000000000
1506.0985107421875000000000000
1494.6513671875000000000000000
1483.3502197265625000000000000
1472.1519775390625000000000000
1461.0579833984375000000000000
1450.0994873046875000000000000
1439.2331542968750000000000000
1428.4903564453125000000000000
1417.8270263671875000000000000
1407.2824707031250000000000000
1396.8272705078125000000000000
1386.5087890625000000000000000
1376.2519531250000000000000000
1366.1190185546875000000000000
1356.0960693359375000000000000
1346.1766357421875000000000000
1336.3387451171875000000000000
1326.5837402343750000000000000
1316.9356689453125000000000000
1307.3803710937500000000000000
1297.9267578125000000000000000
1288.5447998046875000000000000
1279.2512207031250000000000000
1270.0626220703125000000000000
1260.9643554687500000000000000
1251.9340820312500000000000000
1243.0120849609375000000000000
1234.1837158203125000000000000
1225.3946533203125000000000000
1216.7248535156250000000000000
1208.0960693359375000000000000
1199.5966796875000000000000000
1191.1400146484375000000000000
1182.7910156250000000000000000
1174.5103759765625000000000000
1166.3072509765625000000000000
1158.1904296875000000000000000
1150.1285400390625000000000000
1142.1547851562500000000000000
1134.2458496093750000000000000
1126.4185791015625000000000000
1118.6577148437500000000000000
1110.9556884765625000000000000
1103.3463134765625000000000000
1095.7893066406250000000000000
1088.3099365234375000000000000
1080.9008789062500000000000000
1073.5714111328125000000000000
1066.2888183593750000000000000
1059.0538330078125000000000000
1051.9089355468750000000000000
1044.8382568359375000000000000
1037.8005371093750000000000000
1030.8299560546875000000000000
1023.9357299804687500000000000
1017.1186523437500000000000000
1010.3371582031250000000000000
1003.6256103515625000000000000
996.9848632812500000000000000
990.3560180664062500000000000
983.8417358398437500000000000
977.3490600585937500000000000
970.9555053710937500000000000
964.5759887695312500000000000
958.2453613281250000000000000
951.9900512695312500000000000
945.7762451171875000000000000
939.6476440429687500000000000
933.5531616210937500000000000
927.4930419921875000000000000
921.5114135742187500000000000
915.5565795898437500000000000
909.6990966796875000000000000
903.8518066406250000000000000
898.0679931640625000000000000
892.3217163085937500000000000
886.6222534179687500000000000
880.9967041015625000000000000
875.3925170898437500000000000
869.8634033203125000000000000
864.3475952148437500000000000
858.8811645507812500000000000
853.4824829101562500000000000
848.1072998046875000000000000
842.8189697265625000000000000
837.5100097656250000000000000
832.2979125976562500000000000
827.1110839843750000000000000
821.9588623046875000000000000
816.8689575195312500000000000
811.8283691406250000000000000
806.7918090820312500000000000
801.7960815429687500000000000
796.8874511718750000000000000
791.9931640625000000000000000
787.1318969726562500000000000
782.3177490234375000000000000
777.5281982421875000000000000
772.8052368164062500000000000
768.1121215820312500000000000
763.4494018554687500000000000
758.8220214843750000000000000
754.2396240234375000000000000
749.6791992187500000000000000
745.1974487304687500000000000
740.7150878906250000000000000
736.2698364257812500000000000
731.8621215820312500000000000
727.4827880859375000000000000
723.1606445312500000000000000
718.8629150390625000000000000
714.5899047851562500000000000
710.3466796875000000000000000
706.1525878906250000000000000
701.9793701171875000000000000
697.8464965820312500000000000
693.7542724609375000000000000
689.6790771484375000000000000
685.6403808593750000000000000
679.8949584960937500000000000
672.0141601562500000000000000
664.2388916015625000000000000
656.5885009765625000000000000
649.0482177734375000000000000
641.6300048828125000000000000
634.3212890625000000000000000
627.1267700195312500000000000
620.0386352539062500000000000
613.0613403320312500000000000
606.1769409179687500000000000
599.4023437500000000000000000
592.7344970703125000000000000
586.1575927734375000000000000
579.6784667968750000000000000
573.2964477539062500000000000
567.0106811523437500000000000
560.8074340820312500000000000
554.6987304687500000000000000
548.6783447265625000000000000
542.7428588867187500000000000
536.9014892578125000000000000
531.1323242187500000000000000
525.4578857421875000000000000
519.8480224609375000000000000
514.3305053710937500000000000
508.8883361816406250000000000
503.5147399902343750000000000
498.2271728515625000000000000
493.0109252929687500000000000
487.8645019531250000000000000
482.7864990234375000000000000
477.7862854003906250000000000
472.8515014648437500000000000
467.9888000488281250000000000
463.1829223632812500000000000
458.4459228515625000000000000
453.7706909179687500000000000
449.1665954589843750000000000
444.6181030273437500000000000
440.1373596191406250000000000
435.7115173339843750000000000
431.3498840332031250000000000
427.0450744628906250000000000
422.7952575683593750000000000
418.5956420898437500000000000
414.4613952636718750000000000
410.3749084472656250000000000
406.3413391113281250000000000
402.3630371093750000000000000
398.4364929199218750000000000
394.5625610351562500000000000
390.7392578125000000000000000
386.9615173339843750000000000
383.2373962402343750000000000
379.5589599609375000000000000
375.9210815429687500000000000
372.3347167968750000000000000
368.7918701171875000000000000
365.3006286621093750000000000
361.8438720703125000000000000
358.4386901855468750000000000
355.0753173828125000000000000
351.7484436035156250000000000
348.4631042480468750000000000
345.2245788574218750000000000
342.0198669433593750000000000
338.8526306152343750000000000
335.7325439453125000000000000
332.6511230468750000000000000
329.5966796875000000000000000
326.5912780761718750000000000
323.6139221191406250000000000
320.6821594238281250000000000
317.7733154296875000000000000
314.9080810546875000000000000
312.0761413574218750000000000
309.2747802734375000000000000
306.5061340332031250000000000
303.7754211425781250000000000
301.0736389160156250000000000
298.4076232910156250000000000
295.7698669433593750000000000
293.1656799316406250000000000
290.5826721191406250000000000
288.0405273437500000000000000
285.5236511230468750000000000
283.0356445312500000000000000
280.5785827636718750000000000
278.1512451171875000000000000
275.7492065429687500000000000
273.3777160644531250000000000
271.0257568359375000000000000
268.7067871093750000000000000
266.4162597656250000000000000
264.1413879394531250000000000
261.9040222167968750000000000
259.6913146972656250000000000
257.4885559082031250000000000
255.3244934082031250000000000
253.1844177246093750000000000
251.0653381347656250000000000
248.9675750732421875000000000
246.8964843750000000000000000
244.8490600585937500000000000
242.8205108642578125000000000
240.8161926269531250000000000
238.8330688476562500000000000
236.8731231689453125000000000
234.9332427978515625000000000
233.0206146240234375000000000
231.1199645996093750000000000
229.2419586181640625000000000
227.3851165771484375000000000
225.5480194091796875000000000
223.7274169921875000000000000
221.9340515136718750000000000
220.1559600830078125000000000
218.4022064208984375000000000
216.6588897705078125000000000
214.9350891113281250000000000
213.2293090820312500000000000
211.5470581054687500000000000
209.8779907226562500000000000
208.2267150878906250000000000
206.5943756103515625000000000
204.9767303466796875000000000
203.3775939941406250000000000
201.7953948974609375000000000
200.2257843017578125000000000
198.6798706054687500000000000
197.1424407958984375000000000
195.6264038085937500000000000
194.1228790283203125000000000
192.6338806152343750000000000
191.1614074707031250000000000
189.7038421630859375000000000
188.2623138427734375000000000
186.8314208984375000000000000
185.4187774658203125000000000
184.0189971923828125000000000
182.6322479248046875000000000
181.2624359130859375000000000
179.9041442871093750000000000
178.5612945556640625000000000
177.2283782958984375000000000
175.9103088378906250000000000
174.6034088134765625000000000
173.3135986328125000000000000
172.0314941406250000000000000
170.7648773193359375000000000
169.5120086669921875000000000
168.2720794677734375000000000
167.0423431396484375000000000
165.8229675292968750000000000
164.6169586181640625000000000
163.4225463867187500000000000
162.2408447265625000000000000
161.0680999755859375000000000
159.9064025878906250000000000
158.7578277587890625000000000
157.6205444335937500000000000
156.4917602539062500000000000
155.3765106201171875000000000
154.2729644775390625000000000
153.1743316650390625000000000
152.0906066894531250000000000
151.0120086669921875000000000
149.9495849609375000000000000
148.8925018310546875000000000
147.8488769531250000000000000
146.8137969970703125000000000
145.7884063720703125000000000
144.7738037109375000000000000
143.7660675048828125000000000
142.7693481445312500000000000
141.7807312011718750000000000
140.8023223876953125000000000
139.8322143554687500000000000
138.8694610595703125000000000
137.9182891845703125000000000
136.9736633300781250000000000
136.0387420654296875000000000
135.1126098632812500000000000
134.1964263916015625000000000
133.2861022949218750000000000
132.3817291259765625000000000
131.4886169433593750000000000
130.6047821044921875000000000
129.7250671386718750000000000
128.8537445068359375000000000
127.9919662475585937500000000
127.1398315429687500000000000
126.2921447753906250000000000
125.4532012939453125000000000
124.6231079101562500000000000
123.7945022583007812500000000
122.9802169799804687500000000
122.1686325073242187500000000
121.3694381713867187500000000
120.5719985961914062500000000
119.7806701660156250000000000
118.9987564086914062500000000
118.2220306396484375000000000
117.4559555053710937500000000
116.6941452026367187500000000
115.9366302490234375000000000
115.1889266967773437500000000
114.4445724487304687500000000
113.7123870849609375000000000
112.9814758300781250000000000
112.2584991455078125000000000
111.5402145385742187500000000
110.8277816772460937500000000
110.1245880126953125000000000
109.4240646362304687500000000
108.7329254150390625000000000
108.0434494018554687500000000
107.3601455688476562500000000
106.6853103637695312500000000
106.0134124755859375000000000
105.3523712158203125000000000
104.6887512207031250000000000
104.0372390747070312500000000
103.3888854980468750000000000
102.7448577880859375000000000
102.1086196899414062500000000
101.4785461425781250000000000
100.8489761352539062500000000
100.2245101928710937500000000
99.6109313964843750000000000
98.9991455078125000000000000
98.3914871215820312500000000
97.7897186279296875000000000
97.1910247802734375000000000
96.6006546020507812500000000
96.0140151977539062500000000
95.4311752319335937500000000
94.8527526855468750000000000
94.2799530029296875000000000
93.7098999023437500000000000
93.1496810913085937500000000
92.5893859863281250000000000
92.0337295532226562500000000
91.4827651977539062500000000
90.9353485107421875000000000
90.3950805664062500000000000
89.8578643798828125000000000
89.3237380981445312500000000
88.7933349609375000000000000
88.2690734863281250000000000
87.7474212646484375000000000
87.2308120727539062500000000
86.7192840576171875000000000
86.2098846435546875000000000
85.7050476074218750000000000
84.9868698120117187500000000
84.0017700195312500000000000
83.0298614501953125000000000
82.0735626220703125000000000
81.1310272216796875000000000
80.2037506103515625000000000
79.2901611328125000000000000
78.3908462524414062500000000
77.5048294067382812500000000
76.6326675415039062500000000
75.7721176147460937500000000
74.9252929687500000000000000
74.0918121337890625000000000
73.2696990966796875000000000
72.4598083496093750000000000
71.6620559692382812500000000
70.8763351440429687500000000
70.1009292602539062500000000
69.3373413085937500000000000
68.5847930908203125000000000
67.8428573608398437500000000
67.1126861572265625000000000
66.3915405273437500000000000
65.6822357177734375000000000
64.9810028076171875000000000
64.2913131713867187500000000
63.6110420227050781250000000
62.9393424987792968750000000
62.2783966064453125000000000
61.6263656616210937500000000
60.9830627441406250000000000
60.3483123779296875000000000
59.7232856750488281250000000
59.1064376831054687500000000
58.4986000061035156250000000
57.8978652954101562500000000
57.3057403564453125000000000
56.7213363647460937500000000
56.1458244323730468750000000
55.5772628784179687500000000
55.0171699523925781250000000
54.4639396667480468750000000
53.9187355041503906250000000
53.3806343078613281250000000
52.8494071960449218750000000
52.3244552612304687500000000
51.8076744079589843750000000
51.2968635559082031250000000
50.7926673889160156250000000
50.2953796386718750000000000
49.8045616149902343750000000
49.3203201293945312500000000
48.8424072265625000000000000
48.3701896667480468750000000
47.9046745300292968750000000
47.4448699951171875000000000
46.9901351928710937500000000
46.5418395996093750000000000
46.0989837646484375000000000
45.6625785827636718750000000
45.2304840087890625000000000
44.8048362731933593750000000
44.3844146728515625000000000
43.9685554504394531250000000
43.5578880310058593750000000
43.1530723571777343750000000
42.7524833679199218750000000
42.3565788269042968750000000
41.9665679931640625000000000
41.5813903808593750000000000
41.1995849609375000000000000
40.8239097595214843750000000
40.4517402648925781250000000
40.0852699279785156250000000
39.7216644287109375000000000
39.3635101318359375000000000
39.0095176696777343750000000
38.6593475341796875000000000
38.3132667541503906250000000
37.9719276428222656250000000
37.6342048645019531250000000
37.3009529113769531250000000
36.9712333679199218750000000
36.6457099914550781250000000
36.3228340148925781250000000
36.0050659179687500000000000
35.6904563903808593750000000
35.3794555664062500000000000
35.0723228454589843750000000
34.7689056396484375000000000
34.4686508178710937500000000
34.1722145080566406250000000
33.8782196044921875000000000
33.5883483886718750000000000
33.3020324707031250000000000
33.0176734924316406250000000
32.7380027770996093750000000
32.4614143371582031250000000
32.1860694885253906250000000
31.9155616760253906250000000
31.6480522155761718750000000
31.3831672668457031250000000
31.1209468841552734375000000
30.8620605468750000000000000
30.6061325073242187500000000
30.3525638580322265625000000
30.1020240783691406250000000
29.8541336059570312500000000
29.6091403961181640625000000
29.3666553497314453125000000
29.1275768280029296875000000
28.8899955749511718750000000
28.6552448272705078125000000
28.4231395721435546875000000
28.1935024261474609375000000
27.9659271240234375000000000
27.7417564392089843750000000
27.5194950103759765625000000
27.3002758026123046875000000
27.0823612213134765625000000
26.8668861389160156250000000
26.6536636352539062500000000
26.4433822631835937500000000
26.2347488403320312500000000
26.0283393859863281250000000
25.8242969512939453125000000
25.6220912933349609375000000
25.4221992492675781250000000
25.2244243621826171875000000
25.0282230377197265625000000
24.8349838256835937500000000
24.6428050994873046875000000
24.4533004760742187500000000
24.2653598785400390625000000
24.0792350769042968750000000
23.8951759338378906250000000
23.7129802703857421875000000
23.5327892303466796875000000
23.3539276123046875000000000
23.1773471832275390625000000
23.0023746490478515625000000
22.8290309906005859375000000
22.6578044891357421875000000
22.4880180358886718750000000
22.3201618194580078125000000
22.1535472869873046875000000
21.9887886047363281250000000
21.8254261016845703125000000
21.6641998291015625000000000
21.5039367675781250000000000
21.3456096649169921875000000
21.1890010833740234375000000
21.0340099334716796875000000
20.8802928924560546875000000
20.7278709411621093750000000
20.5771198272705078125000000
20.4278182983398437500000000
20.2801055908203125000000000
20.1335124969482421875000000
19.9883003234863281250000000
19.8447284698486328125000000
19.7025680541992187500000000
19.5614700317382812500000000
19.4220638275146484375000000
19.2841205596923828125000000
19.1467914581298828125000000
19.0113258361816406250000000
18.8765010833740234375000000
18.7436981201171875000000000
18.6115627288818359375000000
18.4811096191406250000000000
18.3517246246337890625000000
18.2235507965087890625000000
18.0967254638671875000000000
17.9707584381103515625000000
17.8461685180664062500000000
17.7225914001464843750000000
17.6002902984619140625000000
17.4790267944335937500000000
17.3586826324462890625000000
17.2397861480712890625000000
17.1217079162597656250000000
17.0048427581787109375000000
16.8890762329101562500000000
16.7745532989501953125000000
16.6607627868652343750000000
16.5477161407470703125000000
16.4360771179199218750000000
16.3255977630615234375000000
16.2156333923339843750000000
16.1067180633544921875000000
15.9989957809448242187500000
15.8924789428710937500000000
15.7865180969238281250000000
15.6816501617431640625000000
15.5778884887695312500000000
15.4743127822875976562500000
15.3725271224975585937500000
15.2710790634155273437500000
15.1711797714233398437500000
15.0714998245239257812500000
14.9725837707519531250000000
14.8748445510864257812500000
14.7777538299560546875000000
14.6819944381713867187500000
14.5867681503295898437500000
14.4920787811279296875000000
14.3986158370971679687500000
14.3055715560913085937500000
14.2140483856201171875000000
14.1226844787597656250000000
14.0323123931884765625000000
13.9425268173217773437500000
13.8534727096557617187500000
13.7655735015869140625000000
13.6780080795288085937500000
13.5916156768798828125000000
13.5054311752319335937500000
13.4200181961059570312500000
13.3356637954711914062500000
13.2516765594482421875000000
13.1690464019775390625000000
13.0860939025878906250000000
13.0046548843383789062500000
12.9236106872558593750000000
12.8431072235107421875000000
12.7635774612426757812500000
12.6848182678222656250000000
12.6061220169067382812500000
12.5280637741088867187500000
12.4513664245605468750000000
12.3748931884765625000000000
12.2989358901977539062500000
12.2237148284912109375000000
12.1488780975341796875000000
12.0750818252563476562500000
12.0017518997192382812500000
11.9288969039916992187500000
11.8565940856933593750000000
11.7849941253662109375000000
11.7137374877929687500000000
11.6437101364135742187500000
11.5736732482910156250000000
11.5042161941528320312500000
11.4353456497192382812500000
11.3669185638427734375000000
11.2993850708007812500000000
11.2322330474853515625000000
11.1654672622680664062500000
11.0991668701171875000000000
11.0336341857910156250000000
10.9684276580810546875000000
10.9038515090942382812500000
10.8399105072021484375000000
10.7762355804443359375000000
10.7131309509277343750000000
10.6233587265014648437500000
10.5002212524414062500000000
10.3787326812744140625000000
10.2591953277587890625000000
10.1413784027099609375000000
10.0254688262939453125000000
9.9112701416015625000000000
9.7988557815551757812500000
9.6881036758422851562500000
9.5790834426879882812500000
9.4715147018432617187500000
9.3656616210937500000000000
9.2614765167236328125000000
9.1587123870849609375000000
9.0574760437011718750000000
8.9577569961547851562500000
8.8595418930053710937500000
8.7626161575317382812500000
8.6671676635742187500000000
8.5730991363525390625000000
8.4803571701049804687500000
8.3890857696533203125000000
8.2989425659179687500000000
8.2102794647216796875000000
8.1226253509521484375000000
8.0364141464233398437500000
7.9513802528381347656250000
7.8674178123474121093750000
7.7847995758056640625000000
7.7032957077026367187500000
7.6228828430175781250000000
7.5435390472412109375000000
7.4654107093811035156250000
7.3883047103881835937500000
7.3123250007629394531250000
7.2372331619262695312500000
7.1632175445556640625000000
7.0901670455932617187500000
7.0182280540466308593750000
6.9471578598022460937500000
6.8771462440490722656250000
6.8079924583435058593750000
6.7398419380187988281250000
6.6725792884826660156250000
6.6061758995056152343750000
6.5405569076538085937500000
6.4759593009948730468750000
6.4121079444885253906250000
6.3490834236145019531250000
6.2869224548339843750000000
6.2255702018737792968750000
6.1650400161743164062500000
6.1053009033203125000000000
6.0462737083435058593750000
5.9880843162536621093750000
5.9306087493896484375000000
5.8737668991088867187500000
5.8177299499511718750000000
5.7623729705810546875000000
5.7078223228454589843750000
5.6538105010986328125000000
5.6006045341491699218750000
5.5480518341064453125000000
5.4960694313049316406250000
5.4447360038757324218750000
5.3941340446472167968750000
5.3440604209899902343750000
5.2945723533630371093750000
5.2458209991455078125000000
5.1976737976074218750000000
5.1499481201171875000000000
5.1029887199401855468750000
5.0564675331115722656250000
5.0106587409973144531250000
4.9652080535888671875000000
4.9204387664794921875000000
4.8761897087097167968750000
4.8324184417724609375000000
4.7891583442687988281250000
4.7464909553527832031250000
4.7042756080627441406250000
4.6626191139221191406250000
4.6214041709899902343750000
4.5807137489318847656250000
4.5403542518615722656250000
4.5006332397460937500000000
4.4613070487976074218750000
4.4224319458007812500000000
4.3840403556823730468750000
4.3461132049560546875000000
4.3085813522338867187500000
4.2715268135070800781250000
4.2347774505615234375000000
4.1985435485839843750000000
4.1627540588378906250000000
4.1272091865539550781250000
4.0922503471374511718750000
4.0576767921447753906250000
4.0232586860656738281250000
3.9894452095031738281250000
3.9560065269470214843750000
3.9228959083557128906250000
3.8901183605194091796875000
3.8577575683593750000000000
3.8257665634155273437500000
3.7940704822540283203125000
3.7627530097961425781250000
3.7317667007446289062500000
3.7011425495147705078125000
3.6708319187164306640625000
3.6409471035003662109375000
3.6112494468688964843750000
3.5819056034088134765625000
3.5528924465179443359375000
3.5241878032684326171875000
3.4957408905029296875000000
3.4677195549011230468750000
3.4399368762969970703125000
3.4125344753265380859375000
3.3852951526641845703125000
3.3583607673645019531250000
3.3317079544067382812500000
3.3054227828979492187500000
3.2793436050415039062500000
3.2535424232482910156250000
3.2280371189117431640625000
3.2027614116668701171875000
3.1777749061584472656250000
3.1530530452728271484375000
3.1285278797149658203125000
3.1043729782104492187500000
3.0803506374359130859375000
3.0566625595092773437500000
3.0331699848175048828125000
3.0099043846130371093750000
2.9868969917297363281250000
2.9641225337982177734375000
2.9415986537933349609375000
2.9192409515380859375000000
2.8971683979034423828125000
2.8752968311309814453125000
2.8536288738250732421875000
2.8322255611419677734375000
2.8110022544860839843750000
2.7900202274322509765625000
2.7691934108734130859375000
2.7485985755920410156250000
2.7281782627105712890625000
2.7080249786376953125000000
2.6879920959472656250000000
2.6682012081146240234375000
2.6486251354217529296875000
2.6292512416839599609375000
2.6100366115570068359375000
2.5909838676452636718750000
2.5721399784088134765625000
2.5534772872924804687500000
2.5350131988525390625000000
2.5166890621185302734375000
2.4985375404357910156250000
2.4805910587310791015625000
2.4628210067749023437500000
2.4451837539672851562500000
2.4277579784393310546875000
2.4105150699615478515625000
2.3933489322662353515625000
2.3764157295227050781250000
2.3595626354217529296875000
2.3429622650146484375000000
2.3264453411102294921875000
2.3101387023925781250000000
2.2939655780792236328125000
2.2779438495635986328125000
2.2620906829833984375000000
2.2463448047637939453125000
2.2307710647583007812500000
2.2153239250183105468750000
2.2000362873077392578125000
2.1848783493041992187500000
2.1698353290557861328125000
2.1549732685089111328125000
2.1402134895324707031250000
2.1256053447723388671875000
2.1111345291137695312500000
2.0968191623687744140625000
2.0825953483581542968750000
2.0684645175933837890625000
2.0545096397399902343750000
2.0406997203826904296875000
2.0269541740417480468750000
2.0133397579193115234375000
1.9998744726181030273437500
1.9865598678588867187500000
1.9733147621154785156250000
1.9602062702178955078125000
1.9472360610961914062500000
1.9342890977859497070312500
1.9215658903121948242187500
1.9088848829269409179687500
1.8963974714279174804687500
1.8839374780654907226562500
1.8715729713439941406250000
1.8593555688858032226562500
1.8472192287445068359375000
1.8352493047714233398437500
1.8233460187911987304687500
1.8115098476409912109375000
1.7998269796371459960937500
1.7881964445114135742187500
1.7767560482025146484375000
1.7653355598449707031250000
1.7540390491485595703125000
1.7428158521652221679687500
1.7316840887069702148437500
1.7206966876983642578125000
1.7097510099411010742187500
1.6989519596099853515625000
1.6881788969039916992187500
1.6775022745132446289062500
1.6669579744338989257812500
1.6564595699310302734375000
1.6461308002471923828125000
1.6357617378234863281250000
1.6255818605422973632812500
1.6154513359069824218750000
1.6053884029388427734375000
1.5954471826553344726562500
1.5856022834777832031250000
1.5757652521133422851562500
1.5660079717636108398437500
1.5564208030700683593750000
1.5468616485595703125000000
1.5373669862747192382812500
1.5279643535614013671875000
1.5186097621917724609375000
1.5093852281570434570312500
1.5002189874649047851562500
1.4911121129989624023437500
1.4820742607116699218750000
1.4731242656707763671875000
1.4642171859741210937500000
1.4554637670516967773437500
1.4467091560363769531250000
1.4380270242691040039062500
1.4294182062149047851562500
1.4208648204803466796875000
1.4124231338500976562500000
1.4040291309356689453125000
1.3956834077835083007812500
1.3873958587646484375000000
1.3792042732238769531250000
1.3710534572601318359375000
1.3629814386367797851562500
1.3549888134002685546875000
1.3470294475555419921875000
1.3391413688659667968750000
1.3279198408126831054687500
1.3125276565551757812500000
1.2973415851593017578125000
1.2823994159698486328125000
1.2676723003387451171875000
1.2531836032867431640625000
1.2389087677001953125000000
1.2248569726943969726562500
1.2110129594802856445312500
1.1973854303359985351562500
1.1839393377304077148437500
1.1707077026367187500000000
1.1576845645904541015625000
1.1448390483856201171875000
1.1321845054626464843750000
1.1197196245193481445312500
1.1074427366256713867187500
1.0953270196914672851562500
1.0833959579467773437500000
1.0716373920440673828125000
1.0600446462631225585937500
1.0486357212066650390625000
1.0373678207397460937500000
1.0262849330902099609375000
1.0153281688690185546875000
1.0045517683029174804687500
0.9939225316047668457031250
0.9834272265434265136718750
0.9730999469757080078125000
0.9629119634628295898437500
0.9528603553771972656250000
0.9429423809051513671875000
0.9331763386726379394531250
0.9235380887985229492187500
0.9140406250953674316406250
0.9046541452407836914062500
0.8954021930694580078125000
0.8862708806991577148437500
0.8772785067558288574218750
0.8683947324752807617187500
0.8596432805061340332031250
0.8509990572929382324218750
0.8424802422523498535156250
0.8340724110603332519531250
0.8257719874382019042968750
0.8175696134567260742187500
0.8094949126243591308593750
0.8015134930610656738281250
0.7936354279518127441406250
0.7858653068542480468750000
0.7781962752342224121093750
0.7706300020217895507812500
0.7631626129150390625000000
0.7557842135429382324218750
0.7485105395317077636718750
0.7413260936737060546875000
0.7342208623886108398437500
0.7272162437438964843750000
0.7202966213226318359375000
0.7134777903556823730468750
0.7067263126373291015625000
0.7000755667686462402343750
0.6935064792633056640625000
0.6870086789131164550781250
0.6805920004844665527343750
0.6742667555809020996093750
0.6680075526237487792968750
0.6618215441703796386718750
0.6557276248931884765625000
0.6497092247009277343750000
0.6437435150146484375000000
0.6378735899925231933593750
0.6320584416389465332031250
0.6263323426246643066406250
0.6206510066986083984375000
0.6150548458099365234375000
0.6095237135887145996093750
0.6040523052215576171875000
0.5986447930335998535156250
0.5933113694190979003906250
0.5880344510078430175781250
0.5828273892402648925781250
0.5776755213737487792968750
0.5725892186164855957031250
0.5675442814826965332031250
0.5625791549682617187500000
0.5576633810997009277343750
0.5528039932250976562500000
0.5480050444602966308593750
0.5432641506195068359375000
0.5385726690292358398437500
0.5339408516883850097656250
0.5293471813201904296875000
0.5248179435729980468750000
0.5203442573547363281250000
0.5159011483192443847656250
0.5115312933921813964843750
0.5072095990180969238281250
0.5029073357582092285156250
0.4986806511878967285156250
0.4945008158683776855468750
0.4903619885444641113281250
0.4862647950649261474609375
0.4822196960449218750000000
0.4782208204269409179687500
0.4742588102817535400390625
0.4703441262245178222656250
0.4664708375930786132812500
0.4626428186893463134765625
0.4588539898395538330078125
0.4551183879375457763671875
0.4514061808586120605468750
0.4477382004261016845703125
0.4441115558147430419921875
0.4405234754085540771484375
0.4369676113128662109375000
0.4334649443626403808593750
0.4299921095371246337890625
0.4265668094158172607421875
0.4231618940830230712890625
0.4197950959205627441406250
0.4164634943008422851562500
0.4131778478622436523437500
0.4099179506301879882812500
0.4066928029060363769531250
0.4035046398639678955078125
0.4003451764583587646484375
0.3972218632698059082031250
0.3941316306591033935546875
0.3910659849643707275390625
0.3880466222763061523437500
0.3850438296794891357421875
0.3820828199386596679687500
0.3791462481021881103515625
0.3762380480766296386718750
0.3733621239662170410156250
0.3705153167247772216796875
0.3676998317241668701171875
0.3649051189422607421875000
0.3621460497379302978515625
0.3594121038913726806640625
0.3567036092281341552734375
0.3540281951427459716796875
0.3513752818107604980468750
0.3487525284290313720703125
0.3461491763591766357421875
0.3435748219490051269531250
0.3410222828388214111328125
0.3385031223297119140625000
0.3359990119934082031250000
0.3335251510143280029296875
0.3310781419277191162109375
0.3286564052104949951171875
0.3262545764446258544921875
0.3238729834556579589843750
0.3215174973011016845703125
0.3191846609115600585937500
0.3168766498565673828125000
0.3145861327648162841796875
0.3123171925544738769531250
0.3100738823413848876953125
0.3078526258468627929687500
0.3056479692459106445312500
0.3034697473049163818359375
0.3013143837451934814453125
0.2991686165332794189453125
0.2970519661903381347656250
0.2949453294277191162109375
0.2928702831268310546875000
0.2908056676387786865234375
0.2887673377990722656250000
0.2867456972599029541015625
0.2847429811954498291015625
0.2827613353729248046875000
0.2807931005954742431640625
0.2788463830947875976562500
0.2769154906272888183593750
0.2750045359134674072265625
0.2731097936630249023437500
0.2712294161319732666015625
0.2693716585636138916015625
0.2675266861915588378906250
0.2657006680965423583984375
0.2638918161392211914062500
0.2621023952960968017578125
0.2603244185447692871093750
0.2585580646991729736328125
0.2568137049674987792968750
0.2550874650478363037109375
0.2533692717552185058593750
0.2516674697399139404296875
0.2499843090772628784179688
0.2483199834823608398437500
0.2466643452644348144531250
0.2450257837772369384765625
0.2434045076370239257812500
0.2417861372232437133789063
0.2401957362890243530273438
0.2386106103658676147460938
0.2370496839284896850585938
0.2354921847581863403320313
0.2339466214179992675781250
0.2324194461107254028320313
0.2309024035930633544921875
0.2294061630964279174804688
0.2279182523488998413085938
0.2264387309551239013671875
0.2249783724546432495117188
0.2235245555639266967773438
0.2220945060253143310546875
0.2206669449806213378906250
0.2192548811435699462890625
0.2178519815206527709960938
0.2164605110883712768554688
0.2150870859622955322265625
0.2137188762426376342773438
0.2123689949512481689453125
0.2110223621129989624023438
0.2096877843141555786132813
0.2083697468042373657226563
0.2070574462413787841796875
0.2057663500308990478515625
0.2044702172279357910156250
0.2031977325677871704101563
0.2019314169883728027343750
0.2006735503673553466796875
0.1994308978319168090820313
0.1982002854347229003906250
0.1969706565141677856445313
0.1957509964704513549804688
0.1945526003837585449218750
0.1933577060699462890625000
0.1921708732843399047851563
0.1909955441951751708984375
0.1898262202739715576171875
0.1886731535196304321289063
0.1875273734331130981445313
0.1863890141248703002929688
0.1852592825889587402343750
0.1841405332088470458984375
0.1830271482467651367187500
0.1819329708814620971679688
0.1808386445045471191406250
0.1797533780336380004882813
0.1786772757768630981445313
0.1776081025600433349609375
0.1765528917312622070312500
0.1755036413669586181640625
0.1744604259729385375976563
0.1734244823455810546875000
0.1724005341529846191406250
0.1713816821575164794921875
0.1703726798295974731445313
0.1693736016750335693359375
0.1683786809444427490234375
0.1673926711082458496093750
0.1659899801015853881835938
0.1640659570693969726562500
0.1621676981449127197265625
0.1602999269962310791015625
0.1584590375423431396484375
0.1566479504108428955078125
0.1548635959625244140625000
0.1531071215867996215820313
0.1513766199350357055664063
0.1496731787919998168945313
0.1479924172163009643554688
0.1463384628295898437500000
0.1447105705738067626953125
0.1431048810482025146484375
0.1415230631828308105468750
0.1399649530649185180664063
0.1384303420782089233398438
0.1369158774614334106445313
0.1354244947433471679687500
0.1339546740055084228515625
0.1325055807828903198242188
0.1310794651508331298828125
0.1296709775924682617187500
0.1282856166362762451171875
0.1269160211086273193359375
0.1255689710378646850585938
0.1242403164505958557128906
0.1229284033179283142089844
0.1216374933719635009765625
0.1203639954328536987304688
0.1191075444221496582031250
0.1178677976131439208984375
0.1166470423340797424316406
0.1154422610998153686523438
0.1142550781369209289550781
0.1130817681550979614257813
0.1119252741336822509765625
0.1107838600873947143554688
0.1096598133444786071777344
0.1085493415594100952148438
0.1074554100632667541503906
0.1063748821616172790527344
0.1053100302815437316894531
0.1042590513825416564941406
0.1032214984297752380371094
0.1021962016820907592773438
0.1011868640780448913574219
0.1001891866326332092285156
0.0992044284939765930175781
0.0982331633567810058593750
0.0972745344042778015136719
0.0963287502527236938476563
0.0953953266143798828125000
0.0944730266928672790527344
0.0935638174414634704589844
0.0926657617092132568359375
0.0917776077985763549804688
0.0909020304679870605468750
0.0900370776653289794921875
0.0891847237944602966308594
0.0883407890796661376953125
0.0875094458460807800292969
0.0866883099079132080078125
0.0858760848641395568847656
0.0850740000605583190917969
0.0842833444476127624511719
0.0835009440779685974121094
0.0827276930212974548339844
0.0819659531116485595703125
0.0812136530876159667968750
0.0804679393768310546875000
0.0797341987490653991699219
0.0790073052048683166503906
0.0782915428280830383300781
0.0775813758373260498046875
0.0768818557262420654296875
0.0761904641985893249511719
0.0755065381526947021484375
0.0748305991291999816894531
0.0741639211773872375488281
0.0735043063759803771972656
0.0728534236550331115722656
0.0722094401717185974121094
0.0715736523270606994628906
0.0709430351853370666503906
0.0703223943710327148437500
0.0697079226374626159667969
0.0691004991531372070312500
0.0685006305575370788574219
0.0679080188274383544921875
0.0673215836286544799804688
0.0667426064610481262207031
0.0661683976650238037109375
0.0656022429466247558593750
0.0650430321693420410156250
0.0644876435399055480957031
0.0639414116740226745605469
0.0634011998772621154785156
0.0628634169697761535644531
0.0623350813984870910644531
0.0618126019835472106933594
0.0612952485680580139160156
0.0607830993831157684326172
0.0602774620056152343750000
0.0597776025533676147460938
0.0592823512852191925048828
0.0587930157780647277832031
0.0583088546991348266601563
0.0578303523361682891845703
0.0573567487299442291259766
0.0568897984921932220458984
0.0564257726073265075683594
0.0559672750532627105712891
0.0555139444768428802490234
0.0550654344260692596435547
0.0546209514141082763671875
0.0541831180453300476074219
0.0537490136921405792236328
0.0533208511769771575927734
0.0528952367603778839111328
0.0524743869900703430175781
0.0520579367876052856445313
0.0516472309827804565429688
0.0512397438287734985351563
0.0508366003632545471191406
0.0504380799829959869384766
0.0500431470572948455810547
0.0496527329087257385253906
0.0492664538323879241943359
0.0488832481205463409423828
0.0485058277845382690429688
0.0481304787099361419677734
0.0477603524923324584960938
0.0473932810127735137939453
0.0470297560095787048339844
0.0466702654957771301269531
0.0463144145905971527099609
0.0459624789655208587646484
0.0456131398677825927734375
0.0452682562172412872314453
0.0449265129864215850830078
0.0445879511535167694091797
0.0442535243928432464599609
0.0439219102263450622558594
0.0435940660536289215087891
0.0432686470448970794677734
0.0429468527436256408691406
0.0426277853548526763916016
0.0423128902912139892578125
0.0419998764991760253906250
0.0416906438767910003662109
0.0413847677409648895263672
0.0410820506513118743896484
0.0407818220555782318115234
0.0404841229319572448730469
0.0401896871626377105712891
0.0398980826139450073242188
0.0396095812320709228515625
0.0393232665956020355224609
0.0390396490693092346191406
0.0387592352926731109619141
0.0384815782308578491210938
0.0382059961557388305664063
0.0379337184131145477294922
0.0376642979681491851806641
0.0373960770666599273681641
0.0371314957737922668457031
0.0368681661784648895263672
0.0366087853908538818359375
0.0363507084548473358154297
0.0360959172248840332031250
0.0358432121574878692626953
0.0355928726494312286376953
0.0353451669216156005859375
0.0350991375744342803955078
0.0348557978868484497070313
0.0346144363284111022949219
0.0343755669891834259033203
0.0341387242078781127929688
0.0339036770164966583251953
0.0336714573204517364501953
0.0334408357739448547363281
0.0332125835120677947998047
0.0329864770174026489257813
0.0327627994120121002197266
0.0325405523180961608886719
0.0323197580873966217041016
0.0321017131209373474121094
0.0318859331309795379638672
0.0316711589694023132324219
0.0314584337174892425537109
0.0312480386346578598022461
0.0310399979352951049804688
0.0308330431580543518066406
0.0306282229721546173095703
0.0304255634546279907226563
0.0302232671529054641723633
0.0300244670361280441284180
0.0298263262957334518432617
0.0296312104910612106323242
0.0294365230947732925415039
0.0292433276772499084472656
0.0290524307638406753540039
0.0288628004491329193115234
0.0286757703870534896850586
0.0284897815436124801635742
0.0283048413693904876708984
0.0281222965568304061889648
0.0279405694454908370971680
0.0277618132531642913818359
0.0275833681225776672363281
0.0274068601429462432861328
0.0272314976900815963745117
0.0270575638860464096069336
0.0268858857452869415283203
0.0267148595303297042846680
0.0265461243689060211181641
0.0263777952641248703002930
0.0262109730392694473266602
0.0260462183505296707153320
0.0258821807801723480224609
0.0257207937538623809814453
0.0255587771534919738769531
0.0253997165709733963012695
0.0252414271235466003417969
0.0250841937959194183349609
0.0249288622289896011352539
0.0247750356793403625488281
0.0246213320642709732055664
0.0244688745588064193725586
0.0243190750479698181152344
0.0241697132587432861328125
0.0240213591605424880981445
0.0238744430243968963623047
0.0237282775342464447021484
0.0235841441899538040161133
0.0234409216791391372680664
0.0232986267656087875366211
0.0231574103236198425292969
0.0230175666511058807373047
0.0228783935308456420898438
0.0227416213601827621459961
0.0226048305630683898925781
0.0224691722542047500610352
0.0223346594721078872680664
0.0222010128200054168701172
0.0220691114664077758789063
0.0219379551708698272705078
0.0218075532466173171997070
0.0216780602931976318359375
0.0215500667691230773925781
0.0214227102696895599365234
0.0212965849786996841430664
0.0211717002093791961669922
0.0210473351180553436279297
0.0209240838885307312011719
0.0207487475126981735229492
0.0205082446336746215820313
0.0202709622681140899658203
0.0200374908745288848876953
0.0198073796927928924560547
0.0195809938013553619384766
0.0193579494953155517578125
0.0191383901983499526977539
0.0189220774918794631958008
0.0187091473489999771118164
0.0184990521520376205444336
0.0182923078536987304687500
0.0180888213217258453369141
0.0178881101310253143310547
0.0176903828978538513183594
0.0174956191331148147583008
0.0173037927597761154174805
0.0171144846826791763305664
0.0169280618429183959960938
0.0167443342506885528564453
0.0165631975978612899780273
0.0163849331438541412353516
0.0162088721990585327148438
0.0160357020795345306396484
0.0158645026385784149169922
0.0156961213797330856323242
0.0155300395563244819641113
0.0153660504147410392761230
0.0152046866714954376220703
0.0150454994291067123413086
0.0148884430527687072753906
0.0147334747016429901123047
0.0145808802917599678039551
0.0144302826374769210815430
0.0142818847671151161193848
0.0141352210193872451782227
0.0139906592667102813720703
0.0138479825109243392944336
0.0137074766680598258972168
0.0135686676949262619018555
0.0134319262579083442687988
0.0132968602702021598815918
0.0131637537851929664611816
0.0130323814228177070617676
0.0129026873037219047546387
0.0127745252102613449096680
0.0126483580097556114196777
0.0125236483290791511535645
0.0124005535617470741271973
0.0122791454195976257324219
0.0121593168005347251892090
0.0120410937815904617309570
0.0119244158267974853515625
0.0118091283366084098815918
0.0116954771801829338073730
0.0115832202136516571044922
0.0114722009748220443725586
0.0113627538084983825683594
0.0112546347081661224365234
0.0111480904743075370788574
0.0110425986349582672119141
0.0109386807307600975036621
0.0108360387384891510009766
0.0107345106080174446105957
0.0106342500075697898864746
0.0105354180559515953063965
0.0104376180097460746765137
0.0103409616276621818542480
0.0102457441389560699462891
0.0101517066359519958496094
0.0100584924221038818359375
0.0099667748436331748962402
0.0098759131506085395812988
0.0097864428535103797912598
0.0096976719796657562255859
0.0096102319657802581787109
0.0095238080248236656188965
0.0094383172690868377685547
0.0093538248911499977111816
0.0092704901471734046936035
0.0091880382969975471496582
0.0091066779568791389465332
0.0090261800214648246765137
0.0089467065408825874328613
0.0088678793981671333312988
0.0087902992963790893554688
0.0087134903296828269958496
0.0086375623941421508789063
0.0085625788196921348571777
0.0084885023534297943115234
0.0084151979535818099975586
0.0083428258076310157775879
0.0082710497081279754638672
0.0082002803683280944824219
0.0081303790211677551269531
0.0080609554424881935119629
0.0079926764592528343200684
0.0079251499846577644348145
0.0078579271212220191955566
0.0077918851748108863830566
0.0077265752479434013366699
0.0076619060710072517395020
0.0075978874228894710540771
0.0075346827507019042968750
0.0074722003191709518432617
0.0074102939106523990631104
0.0073491269722580909729004
0.0072886068373918533325195
0.0072287940420210361480713
0.0071695935912430286407471
0.0071112248115241527557373
0.0070532215759158134460449
0.0069959093816578388214111
0.0069392430596053600311279
0.0068831793032586574554443
0.0068276189267635345458984
0.0067728897556662559509277
0.0067186267115175724029541
0.0066651063971221446990967
0.0066119045950472354888916
0.0065592983737587928771973
0.0065072420984506607055664
0.0064559038728475570678711
0.0064049679785966873168945
0.0063545750454068183898926
0.0063047599978744983673096
0.0062553933821618556976318
0.0062065916135907173156738
0.0061583067290484905242920
0.0061104060150682926177979
0.0060632284730672836303711
0.0060163098387420177459717
0.0059700440615415573120117
0.0059241601265966892242432
0.0058787195011973381042480
0.0058337831869721412658691
0.0057893018238246440887451
0.0057453098706901073455811
0.0057016424834728240966797
0.0056585320271551609039307
0.0056158141233026981353760
0.0055734938941895961761475
0.0055316905491054058074951
0.0054902387782931327819824
0.0054492582567036151885986
0.0054085808806121349334717
0.0053683565929532051086426
0.0053284731693565845489502
0.0052891112864017486572266
0.0052499845623970031738281
0.0052113304845988750457764
0.0051730959676206111907959
0.0051352563314139842987061
0.0050977277569472789764404
0.0050605153664946556091309
0.0050237108953297138214111
0.0049872603267431259155273
0.0049511976540088653564453
0.0049154083244502544403076
0.0048799561336636543273926
0.0048449044115841388702393
0.0048101972788572311401367
0.0047757495194673538208008
0.0047417148016393184661865
0.0047080372460186481475830
0.0046745096333324909210205
0.0046414369717240333557129
0.0046085207723081111907959
0.0045760981738567352294922
0.0045438385568559169769287
0.0045119896531105041503906
0.0044804015196859836578369
0.0044491090811789035797119
0.0044181458652019500732422
0.0043873921968042850494385
0.0043569747358560562133789
0.0043268045410513877868652
0.0042969458736479282379150
0.0042673405259847640991211
0.0042379596270620822906494
0.0042089321650564670562744
0.0041801044717431068420410
0.0041515729390084743499756
0.0041233096271753311157227
0.0040953499265015125274658
0.0040675690397620201110840
0.0040399697609245777130127
0.0040127141401171684265137
0.0039857416413724422454834
0.0039588948711752891540527
0.0039323042146861553192139
0.0039060048293322324752808
0.0038799997419118881225586
0.0038541303947567939758301
0.0038285278715193271636963
0.0038031954318284988403320
0.0037779083941131830215454
0.0037530583795160055160522
0.0037282907869666814804077
0.0037039013113826513290405
0.0036795653868466615676880
0.0036554159596562385559082
0.0036315538454800844192505
0.0036078500561416149139404
0.0035844712983816862106323
0.0035612226929515600204468
0.0035381051711738109588623
0.0035152870696038007736206
0.0034925711806863546371460
0.0034702266566455364227295
0.0034479210153222084045410
0.0034258575178682804107666
0.0034039372112601995468140
0.0033821954857558012008667
0.0033607357181608676910400
0.0033393574412912130355835
0.0033182655461132526397705
0.0032972244080156087875366
0.0032763716299086809158325
0.0032557772938162088394165
0.0032352725975215435028076
0.0032150992192327976226807
0.0031948471441864967346191
0.0031749645713716745376587
0.0031551783904433250427246
0.0031355242244899272918701
0.0031161077786237001419067
0.0030968794599175453186035
0.0030776665080338716506958
0.0030586093198508024215698
0.0030398843809962272644043
0.0030212141573429107666016
0.0030026698950678110122681
0.0029843053780496120452881
0.0029660346917808055877686
0.0029480180237442255020142
0.0029301152098923921585083
0.0029123283457010984420776
0.0028946762904524803161621
0.0028771958313882350921631
0.0028597991913557052612305
0.0028427026700228452682495
0.0028256038203835487365723
0.0028086465317755937576294
0.0027918324340134859085083
0.0027751266025006771087646
0.0027586389333009719848633
0.0027422443963587284088135
0.0027259441558271646499634
0.0027097575366497039794922
0.0026937583461403846740723
0.0026778387837111949920654
0.0026620731223374605178833
0.0026464625261723995208740
0.0026309168897569179534912
0.0026155104860663414001465
