10425532.0000000000000000000000000
10264471.0000000000000000000000000
10106429.0000000000000000000000000
9951499.0000000000000000000000000
9799535.0000000000000000000000000
9650465.0000000000000000000000000
9504219.0000000000000000000000000
9360724.0000000000000000000000000
9219985.0000000000000000000000000
9081763.0000000000000000000000000
8946225.0000000000000000000000000
8813127.0000000000000000000000000
8682552.0000000000000000000000000
8554354.0000000000000000000000000
8428574.0000000000000000000000000
8305001.0000000000000000000000000
8183798.0000000000000000000000000
8064729.0000000000000000000000000
7947831.0000000000000000000000000
7833010.5000000000000000000000000
7720260.0000000000000000000000000
7609484.5000000000000000000000000
7500845.5000000000000000000000000
7394075.5000000000000000000000000
7289160.5000000000000000000000000
7186044.5000000000000000000000000
7084888.5000000000000000000000000
6985370.5000000000000000000000000
6887651.5000000000000000000000000
6791715.0000000000000000000000000
6697322.5000000000000000000000000
6604611.0000000000000000000000000
6513517.0000000000000000000000000
6423888.0000000000000000000000000
6335970.5000000000000000000000000
6249341.0000000000000000000000000
6164359.0000000000000000000000000
6080777.5000000000000000000000000
5998572.0000000000000000000000000
5917742.0000000000000000000000000
5838308.0000000000000000000000000
5760199.5000000000000000000000000
5683321.0000000000000000000000000
5607876.5000000000000000000000000
5533586.5000000000000000000000000
5460444.0000000000000000000000000
5388584.5000000000000000000000000
5317979.5000000000000000000000000
5248365.0000000000000000000000000
5179970.0000000000000000000000000
5112715.5000000000000000000000000
5046548.0000000000000000000000000
4981412.5000000000000000000000000
4917300.0000000000000000000000000
4854249.0000000000000000000000000
4792251.5000000000000000000000000
4731129.5000000000000000000000000
4671089.5000000000000000000000000
4611952.5000000000000000000000000
4553756.0000000000000000000000000
4496367.5000000000000000000000000
4439994.0000000000000000000000000
4384527.5000000000000000000000000
4329906.0000000000000000000000000
4276055.5000000000000000000000000
4223185.5000000000000000000000000
4170960.5000000000000000000000000
4119628.0000000000000000000000000
4069049.2500000000000000000000000
4019273.0000000000000000000000000
3970272.0000000000000000000000000
3921981.7500000000000000000000000
3874411.7500000000000000000000000
3827648.0000000000000000000000000
3781485.0000000000000000000000000
3736046.2500000000000000000000000
3691277.5000000000000000000000000
3647187.5000000000000000000000000
3603785.7500000000000000000000000
3561042.5000000000000000000000000
3518901.5000000000000000000000000
3477345.2500000000000000000000000
3436446.5000000000000000000000000
3396096.5000000000000000000000000
3356355.0000000000000000000000000
3317217.0000000000000000000000000
3278637.2500000000000000000000000
3240610.0000000000000000000000000
3203156.2500000000000000000000000
3166256.0000000000000000000000000
3129810.5000000000000000000000000
3093972.2500000000000000000000000
3058575.2500000000000000000000000
3023746.0000000000000000000000000
2989329.2500000000000000000000000
2955466.7500000000000000000000000
2922070.0000000000000000000000000
2889131.2500000000000000000000000
2856670.2500000000000000000000000
2824624.5000000000000000000000000
2793081.7500000000000000000000000
2761965.2500000000000000000000000
2731281.0000000000000000000000000
2700992.5000000000000000000000000
2671160.2500000000000000000000000
2641706.7500000000000000000000000
2612705.7500000000000000000000000
2584023.5000000000000000000000000
2555776.5000000000000000000000000
2527941.5000000000000000000000000
2500481.2500000000000000000000000
2473343.5000000000000000000000000
2446589.7500000000000000000000000
2420209.5000000000000000000000000
2394222.5000000000000000000000000
2368489.5000000000000000000000000
2343201.0000000000000000000000000
2318203.5000000000000000000000000
2293515.0000000000000000000000000
2269182.7500000000000000000000000
2245167.5000000000000000000000000
2221473.2500000000000000000000000
2198088.7500000000000000000000000
2174974.2500000000000000000000000
2152191.5000000000000000000000000
2129714.7500000000000000000000000
2107548.0000000000000000000000000
2085650.2500000000000000000000000
2064054.6250000000000000000000000
2042675.1250000000000000000000000
2021641.2500000000000000000000000
2000814.8750000000000000000000000
1980333.3750000000000000000000000
1960057.8750000000000000000000000
1940036.2500000000000000000000000
1920301.3750000000000000000000000
1900803.7500000000000000000000000
1881546.1250000000000000000000000
1862538.5000000000000000000000000
1843761.2500000000000000000000000
1825270.2500000000000000000000000
1806908.0000000000000000000000000
1788898.6250000000000000000000000
1771022.8750000000000000000000000
1753413.5000000000000000000000000
1735988.2500000000000000000000000
1718796.0000000000000000000000000
1701815.6250000000000000000000000
1685034.2500000000000000000000000
1668454.0000000000000000000000000
1652116.3750000000000000000000000
1635953.2500000000000000000000000
1619974.3750000000000000000000000
1604237.0000000000000000000000000
1588664.8750000000000000000000000
1573267.3750000000000000000000000
1558054.7500000000000000000000000
1543044.7500000000000000000000000
1528199.7500000000000000000000000
1513521.6250000000000000000000000
1499068.2500000000000000000000000
1484745.3750000000000000000000000
1470586.7500000000000000000000000
1456610.5000000000000000000000000
1442834.6250000000000000000000000
1429180.0000000000000000000000000
1415696.8750000000000000000000000
1402362.3750000000000000000000000
1389194.7500000000000000000000000
1376179.2500000000000000000000000
1363334.0000000000000000000000000
1350594.6250000000000000000000000
1338045.1250000000000000000000000
1325612.7500000000000000000000000
1313340.5000000000000000000000000
1301204.8750000000000000000000000
1289207.3750000000000000000000000
1277357.7500000000000000000000000
1265640.8750000000000000000000000
1254049.6250000000000000000000000
1242593.8750000000000000000000000
1231266.3750000000000000000000000
1220085.5000000000000000000000000
1209010.2500000000000000000000000
1198075.8750000000000000000000000
1187258.1250000000000000000000000
1176558.2500000000000000000000000
1165969.0000000000000000000000000
1155517.1250000000000000000000000
1145169.5000000000000000000000000
1134927.5000000000000000000000000
1124809.2500000000000000000000000
1114842.0000000000000000000000000
1104949.2500000000000000000000000
1095175.0000000000000000000000000
1085494.5000000000000000000000000
1075934.8750000000000000000000000
1066462.3750000000000000000000000
1057095.2500000000000000000000000
1047869.8750000000000000000000000
1038690.5625000000000000000000000
1029641.9375000000000000000000000
1020707.2500000000000000000000000
1011843.5000000000000000000000000
1003064.6250000000000000000000000
994407.1875000000000000000000000
985845.4375000000000000000000000
977344.6875000000000000000000000
968954.7500000000000000000000000
960676.7500000000000000000000000
952466.6250000000000000000000000
944343.1875000000000000000000000
936298.3125000000000000000000000
928337.1250000000000000000000000
920451.5000000000000000000000000
912683.0625000000000000000000000
904978.1875000000000000000000000
897364.8125000000000000000000000
889807.3750000000000000000000000
882356.8125000000000000000000000
874977.1875000000000000000000000
867674.0000000000000000000000000
860415.6250000000000000000000000
853281.0000000000000000000000000
846197.2500000000000000000000000
839187.9375000000000000000000000
832253.9375000000000000000000000
825391.1875000000000000000000000
818595.6875000000000000000000000
811854.0000000000000000000000000
805223.0000000000000000000000000
798628.4375000000000000000000000
792108.3125000000000000000000000
785653.8750000000000000000000000
779246.8750000000000000000000000
772935.1875000000000000000000000
766691.0625000000000000000000000
760491.3125000000000000000000000
754341.1875000000000000000000000
748269.8750000000000000000000000
742268.3750000000000000000000000
736323.0625000000000000000000000
730429.5000000000000000000000000
724593.0000000000000000000000000
718823.8750000000000000000000000
713108.0000000000000000000000000
707446.0000000000000000000000000
701838.4375000000000000000000000
696295.3125000000000000000000000
690793.0000000000000000000000000
685351.3125000000000000000000000
679961.0625000000000000000000000
674642.3125000000000000000000000
669356.3125000000000000000000000
664113.2500000000000000000000000
658948.1250000000000000000000000
651595.7500000000000000000000000
641529.4375000000000000000000000
631651.8125000000000000000000000
621968.6875000000000000000000000
612470.9375000000000000000000000
603154.0625000000000000000000000
594013.6875000000000000000000000
585045.2500000000000000000000000
576249.0625000000000000000000000
567610.1875000000000000000000000
559139.0625000000000000000000000
550820.4375000000000000000000000
542659.5000000000000000000000000
534647.1250000000000000000000000
526785.8750000000000000000000000
519062.5625000000000000000000000
511487.3750000000000000000000000
504045.5625000000000000000000000
496739.4375000000000000000000000
489563.1562500000000000000000000
482516.2500000000000000000000000
475592.7812500000000000000000000
468802.8437500000000000000000000
462129.7187500000000000000000000
455572.5312500000000000000000000
449127.7812500000000000000000000
442805.5312500000000000000000000
436585.6562500000000000000000000
430478.2187500000000000000000000
424482.1875000000000000000000000
418582.6562500000000000000000000
412788.1875000000000000000000000
407094.8125000000000000000000000
401493.0000000000000000000000000
395998.1562500000000000000000000
390583.8125000000000000000000000
385272.4375000000000000000000000
380048.5937500000000000000000000
374910.7500000000000000000000000
369858.8750000000000000000000000
364894.2500000000000000000000000
360012.4687500000000000000000000
355207.5625000000000000000000000
350492.2812500000000000000000000
345849.1562500000000000000000000
341277.7500000000000000000000000
336786.5312500000000000000000000
332373.7187500000000000000000000
328022.8125000000000000000000000
323748.1250000000000000000000000
319544.7187500000000000000000000
315409.2500000000000000000000000
311338.2812500000000000000000000
307331.2500000000000000000000000
303390.5625000000000000000000000
299515.7187500000000000000000000
295695.5937500000000000000000000
291943.0937500000000000000000000
288247.0312500000000000000000000
284609.7500000000000000000000000
281022.9687500000000000000000000
277499.6250000000000000000000000
274032.9687500000000000000000000
270619.1250000000000000000000000
267253.4687500000000000000000000
263949.0937500000000000000000000
260685.0312500000000000000000000
257476.7500000000000000000000000
254315.5781250000000000000000000
251204.5625000000000000000000000
248142.0000000000000000000000000
245123.8593750000000000000000000
242150.7343750000000000000000000
239228.0000000000000000000000000
236342.8125000000000000000000000
233502.8906250000000000000000000
230704.8437500000000000000000000
227949.2187500000000000000000000
225236.6093750000000000000000000
222565.1562500000000000000000000
219931.3437500000000000000000000
217334.0781250000000000000000000
214777.9062500000000000000000000
212256.0312500000000000000000000
209772.1875000000000000000000000
207326.0625000000000000000000000
204914.8281250000000000000000000
202538.1250000000000000000000000
200197.2656250000000000000000000
197891.0000000000000000000000000
195613.1562500000000000000000000
193373.2656250000000000000000000
191160.9531250000000000000000000
188984.1250000000000000000000000
186833.0781250000000000000000000
184716.6718750000000000000000000
182629.3750000000000000000000000
180570.7031250000000000000000000
178541.8906250000000000000000000
176539.0312500000000000000000000
174567.6093750000000000000000000
172622.8281250000000000000000000
170705.0625000000000000000000000
168812.0312500000000000000000000
166947.5156250000000000000000000
165106.6718750000000000000000000
163294.1093750000000000000000000
161501.4687500000000000000000000
159736.0312500000000000000000000
157996.3437500000000000000000000
156280.0781250000000000000000000
154583.9687500000000000000000000
152911.8593750000000000000000000
151263.0937500000000000000000000
149638.9062500000000000000000000
148030.5937500000000000000000000
146450.0625000000000000000000000
144887.7187500000000000000000000
143344.6875000000000000000000000
141823.9218750000000000000000000
140322.9687500000000000000000000
138842.0781250000000000000000000
137380.5468750000000000000000000
135935.8906250000000000000000000
134511.9687500000000000000000000
133107.1718750000000000000000000
131721.7500000000000000000000000
130353.1406250000000000000000000
129003.4140625000000000000000000
127667.1953125000000000000000000
126352.5781250000000000000000000
125050.9296875000000000000000000
123770.8359375000000000000000000
122503.6171875000000000000000000
121252.2656250000000000000000000
120018.8359375000000000000000000
118800.2343750000000000000000000
117596.6328125000000000000000000
116408.6562500000000000000000000
115235.0781250000000000000000000
114079.3906250000000000000000000
112931.7500000000000000000000000
111806.1640625000000000000000000
110688.9296875000000000000000000
109588.3437500000000000000000000
108499.2656250000000000000000000
107424.7500000000000000000000000
106363.4765625000000000000000000
105314.6406250000000000000000000
104278.3750000000000000000000000
103257.2734375000000000000000000
102247.0781250000000000000000000
101248.3984375000000000000000000
100264.8125000000000000000000000
99291.5546875000000000000000000
98329.2109375000000000000000000
97378.4218750000000000000000000
96440.2968750000000000000000000
95512.4843750000000000000000000
94595.1015625000000000000000000
93691.7656250000000000000000000
92796.5859375000000000000000000
91911.6718750000000000000000000
91038.1562500000000000000000000
90177.1640625000000000000000000
89323.7500000000000000000000000
88481.0546875000000000000000000
87647.6484375000000000000000000
86824.6718750000000000000000000
86011.2031250000000000000000000
85208.3750000000000000000000000
84412.1640625000000000000000000
83627.8203125000000000000000000
82850.7968750000000000000000000
82083.7812500000000000000000000
81325.3046875000000000000000000
80575.4609375000000000000000000
79834.8593750000000000000000000
79102.5546875000000000000000000
78378.1015625000000000000000000
77662.1171875000000000000000000
76954.1484375000000000000000000
76255.3437500000000000000000000
75563.1406250000000000000000000
74879.7421875000000000000000000
74203.6328125000000000000000000
73534.8906250000000000000000000
72873.0625000000000000000000000
72219.8203125000000000000000000
71573.0937500000000000000000000
70932.9687500000000000000000000
70300.5781250000000000000000000
69677.6250000000000000000000000
69059.3281250000000000000000000
68448.4375000000000000000000000
67843.4062500000000000000000000
67245.9296875000000000000000000
66653.8984375000000000000000000
66068.4531250000000000000000000
65491.8671875000000000000000000
64918.1601562500000000000000000
64352.6210937500000000000000000
63794.2031250000000000000000000
63240.2187500000000000000000000
62691.5390625000000000000000000
62150.4492187500000000000000000
61615.3398437500000000000000000
61084.0429687500000000000000000
60559.6718750000000000000000000
60042.2968750000000000000000000
59529.1640625000000000000000000
59021.4492187500000000000000000
58518.6445312500000000000000000
58021.0703125000000000000000000
57528.2187500000000000000000000
57042.6914062500000000000000000
56561.1367187500000000000000000
56085.3007812500000000000000000
55612.9609375000000000000000000
55147.3007812500000000000000000
54686.0742187500000000000000000
54229.6250000000000000000000000
53775.9765625000000000000000000
53330.0625000000000000000000000
52887.3281250000000000000000000
52449.2460937500000000000000000
52015.8710937500000000000000000
51586.9492187500000000000000000
51162.2304687500000000000000000
50740.8750000000000000000000000
50326.4375000000000000000000000
49914.2773437500000000000000000
49506.7695312500000000000000000
49103.3671875000000000000000000
48702.9296875000000000000000000
48308.4492187500000000000000000
47918.1914062500000000000000000
47530.7070312500000000000000000
47146.3242187500000000000000000
46766.8671875000000000000000000
46391.7734375000000000000000000
46020.1914062500000000000000000
45651.8437500000000000000000000
45287.0625000000000000000000000
44926.4921875000000000000000000
44569.2500000000000000000000000
44215.3750000000000000000000000
43864.9023437500000000000000000
43518.4570312500000000000000000
43174.5625000000000000000000000
42834.4570312500000000000000000
42497.5664062500000000000000000
42165.1445312500000000000000000
41834.7695312500000000000000000
41507.0781250000000000000000000
41184.2578125000000000000000000
40724.7343750000000000000000000
40095.5898437500000000000000000
39478.2382812500000000000000000
38873.0429687500000000000000000
38279.4335937500000000000000000
37697.1289062500000000000000000
37125.8554687500000000000000000
36565.3281250000000000000000000
36015.5664062500000000000000000
35475.6367187500000000000000000
34946.1914062500000000000000000
34426.2773437500000000000000000
33916.2187500000000000000000000
33415.4453125000000000000000000
32924.1171875000000000000000000
32441.4101562500000000000000000
31967.9609375000000000000000000
31502.8476562500000000000000000
31046.2148437500000000000000000
30597.6972656250000000000000000
30157.2656250000000000000000000
29724.5488281250000000000000000
29300.1777343750000000000000000
28883.1074218750000000000000000
28473.2832031250000000000000000
28070.4863281250000000000000000
27675.3457031250000000000000000
27286.6035156250000000000000000
26904.8886718750000000000000000
26530.1367187500000000000000000
26161.4160156250000000000000000
25799.2617187500000000000000000
25443.4257812500000000000000000
25093.3125000000000000000000000
24749.8847656250000000000000000
24411.4882812500000000000000000
24079.5273437500000000000000000
23753.0371093750000000000000000
23431.9218750000000000000000000
23116.1796875000000000000000000
22805.8906250000000000000000000
22500.7792968750000000000000000
22200.4726562500000000000000000
21905.7675781250000000000000000
21615.5722656250000000000000000
21329.8593750000000000000000000
21049.1582031250000000000000000
20773.3574218750000000000000000
20501.4257812500000000000000000
20234.2578125000000000000000000
19971.5449218750000000000000000
19713.0781250000000000000000000
19458.6425781250000000000000000
19208.2031250000000000000000000
18961.9101562500000000000000000
18719.7324218750000000000000000
18480.9746093750000000000000000
18246.4433593750000000000000000
18015.4394531250000000000000000
17788.1093750000000000000000000
17563.9355468750000000000000000
17343.7265625000000000000000000
17127.0605468750000000000000000
16913.6953125000000000000000000
16703.3417968750000000000000000
16496.8183593750000000000000000
16292.8144531250000000000000000
16092.2968750000000000000000000
15894.7236328125000000000000000
15700.2851562500000000000000000
15508.8750000000000000000000000
15320.2412109375000000000000000
15134.4208984375000000000000000
14951.7500000000000000000000000
14771.4257812500000000000000000
14593.9306640625000000000000000
14419.0527343750000000000000000
14246.8261718750000000000000000
14077.2880859375000000000000000
13910.3222656250000000000000000
13745.7089843750000000000000000
13583.3798828125000000000000000
13423.6191406250000000000000000
13266.0019531250000000000000000
13110.7617187500000000000000000
12957.8789062500000000000000000
12807.1767578125000000000000000
12658.6328125000000000000000000
12512.3291015625000000000000000
12368.1875000000000000000000000
12225.8222656250000000000000000
12085.8291015625000000000000000
11947.5595703125000000000000000
11811.5078125000000000000000000
11677.0673828125000000000000000
11544.7919921875000000000000000
11414.3359375000000000000000000
11285.6689453125000000000000000
11158.8681640625000000000000000
11033.6894531250000000000000000
10910.4755859375000000000000000
10788.9267578125000000000000000
10669.0664062500000000000000000
10550.7519531250000000000000000
10434.2197265625000000000000000
10319.1669921875000000000000000
10205.8818359375000000000000000
10093.8417968750000000000000000
9983.5019531250000000000000000
9874.7714843750000000000000000
9767.5048828125000000000000000
9661.4980468750000000000000000
9556.9912109375000000000000000
9453.9433593750000000000000000
9352.4316406250000000000000000
9251.9121093750000000000000000
9153.1289062500000000000000000
9055.4824218750000000000000000
8959.0429687500000000000000000
8863.9951171875000000000000000
8770.1855468750000000000000000
8677.6298828125000000000000000
8586.2841796875000000000000000
8495.9931640625000000000000000
8406.9980468750000000000000000
8319.1982421875000000000000000
8232.6093750000000000000000000
8147.0712890625000000000000000
8062.7133789062500000000000000
7979.1997070312500000000000000
7897.0361328125000000000000000
7815.6831054687500000000000000
7735.6772460937500000000000000
7656.4760742187500000000000000
7578.2666015625000000000000000
7501.1772460937500000000000000
7425.0146484375000000000000000
7349.7895507812500000000000000
7275.5410156250000000000000000
7202.1923828125000000000000000
7129.9619140625000000000000000
7058.2343750000000000000000000
6987.8852539062500000000000000
6918.0581054687500000000000000
6849.2714843750000000000000000
6781.2041015625000000000000000
6714.0468750000000000000000000
6647.7172851562500000000000000
6582.1650390625000000000000000
6517.3984375000000000000000000
6453.5795898437500000000000000
6390.4423828125000000000000000
6328.0249023437500000000000000
6266.5507812500000000000000000
6205.7221679687500000000000000
6145.5756835937500000000000000
6086.1513671875000000000000000
6027.5185546875000000000000000
5969.5302734375000000000000000
5912.1938476562500000000000000
5855.7353515625000000000000000
5799.7866210937500000000000000
5744.4794921875000000000000000
5689.8847656250000000000000000
5636.0727539062500000000000000
5582.7343750000000000000000000
5530.0659179687500000000000000
5477.9780273437500000000000000
5426.5419921875000000000000000
5375.7001953125000000000000000
5325.5234375000000000000000000
5275.7602539062500000000000000
5226.7387695312500000000000000
5178.1748046875000000000000000
5130.2363281250000000000000000
5082.8315429687500000000000000
5035.9663085937500000000000000
4989.6787109375000000000000000
4943.9096679687500000000000000
4898.6313476562500000000000000
4853.8823242187500000000000000
4809.6342773437500000000000000
4765.9589843750000000000000000
4722.6962890625000000000000000
4679.9838867187500000000000000
4637.7270507812500000000000000
4595.9306640625000000000000000
4554.5664062500000000000000000
4513.7387695312500000000000000
4473.3183593750000000000000000
4433.3105468750000000000000000
4393.7861328125000000000000000
4354.8515625000000000000000000
4316.2080078125000000000000000
4278.0273437500000000000000000
4240.2128906250000000000000000
4202.8706054687500000000000000
4165.8686523437500000000000000
4129.2783203125000000000000000
4093.2416992187500000000000000
4057.3850097656250000000000000
4022.0388183593750000000000000
3987.1376953125000000000000000
3952.5136718750000000000000000
3918.2211914062500000000000000
3884.4030761718750000000000000
3850.9587402343750000000000000
3817.7526855468750000000000000
3784.9794921875000000000000000
3752.6435546875000000000000000
3720.5727539062500000000000000
3688.8405761718750000000000000
3657.4152832031250000000000000
3626.3168945312500000000000000
3595.5136718750000000000000000
3565.1682128906250000000000000
3535.0710449218750000000000000
3505.3312988281250000000000000
3475.8100585937500000000000000
3446.7062988281250000000000000
3417.8796386718750000000000000
3389.3515625000000000000000000
3360.9985351562500000000000000
3333.1289062500000000000000000
3305.4580078125000000000000000
3278.0778808593750000000000000
3250.9919433593750000000000000
3224.1843261718750000000000000
3197.6394042968750000000000000
3171.3046875000000000000000000
3145.4023437500000000000000000
3119.6423339843750000000000000
3094.1730957031250000000000000
3068.9604492187500000000000000
3043.9331054687500000000000000
3019.2780761718750000000000000
2994.8869628906250000000000000
2970.6691894531250000000000000
2946.6452636718750000000000000
2922.9291992187500000000000000
2899.4858398437500000000000000
2876.2619628906250000000000000
2853.2402343750000000000000000
2830.4414062500000000000000000
2807.9057617187500000000000000
2785.5781250000000000000000000
2763.4609375000000000000000000
2741.5563964843750000000000000
2719.9035644531250000000000000
2698.4101562500000000000000000
2677.1535644531250000000000000
2656.0979003906250000000000000
2635.3215332031250000000000000
2614.6730957031250000000000000
2594.1923828125000000000000000
2574.0161132812500000000000000
2545.2958984375000000000000000
2505.9743652343750000000000000
2467.3898925781250000000000000
2429.5651855468750000000000000
2392.4645996093750000000000000
2356.0705566406250000000000000
2320.3659667968750000000000000
2285.3330078125000000000000000
2250.9729003906250000000000000
2217.2272949218750000000000000
2184.1369628906250000000000000
2151.6423339843750000000000000
2119.7636718750000000000000000
2088.4653320312500000000000000
2057.7573242187500000000000000
2027.5881347656250000000000000
1997.9975585937500000000000000
1968.9279785156250000000000000
1940.3884277343750000000000000
1912.3560791015625000000000000
1884.8291015625000000000000000
1857.7843017578125000000000000
1831.2611083984375000000000000
1805.1942138671875000000000000
1779.5802001953125000000000000
1754.4053955078125000000000000
1729.7091064453125000000000000
1705.4127197265625000000000000
1681.5555419921875000000000000
1658.1335449218750000000000000
1635.0885009765625000000000000
1612.4538574218750000000000000
1590.2141113281250000000000000
1568.3320312500000000000000000
1546.8677978515625000000000000
1525.7180175781250000000000000
1504.9704589843750000000000000
1484.5648193359375000000000000
1464.4951171875000000000000000
1444.7612304687500000000000000
1425.3681640625000000000000000
1406.2987060546875000000000000
1387.5295410156250000000000000
1369.1104736328125000000000000
1350.9732666015625000000000000
1333.1162109375000000000000000
1315.5723876953125000000000000
1298.3348388671875000000000000
1281.3391113281250000000000000
1264.6411132812500000000000000
1248.2215576171875000000000000
1232.0673828125000000000000000
1216.1651611328125000000000000
1200.5126953125000000000000000
1185.1193847656250000000000000
1169.9832763671875000000000000
1155.0609130859375000000000000
1140.4027099609375000000000000
1125.9649658203125000000000000
1111.7568359375000000000000000
1097.7459716796875000000000000
1083.9829101562500000000000000
1070.4412841796875000000000000
1057.1059570312500000000000000
1043.9588623046875000000000000
1031.0511474609375000000000000
1018.3009033203125000000000000
1005.7685546875000000000000000
993.4202270507812500000000000
981.2678222656250000000000000
969.3046875000000000000000000
957.5150756835937500000000000
945.9013061523437500000000000
934.4843750000000000000000000
923.2141113281250000000000000
912.1206665039062500000000000
901.1907958984375000000000000
890.4266357421875000000000000
879.8305053710937500000000000
869.3951416015625000000000000
859.1068115234375000000000000
848.9612426757812500000000000
838.9761962890625000000000000
829.1251220703125000000000000
819.4226074218750000000000000
809.8674316406250000000000000
800.4485473632812500000000000
791.1645507812500000000000000
782.0205688476562500000000000
773.0117187500000000000000000
764.1138916015625000000000000
755.3643188476562500000000000
746.7224731445312500000000000
738.2192382812500000000000000
729.8167114257812500000000000
721.5494995117187500000000000
713.3959960937500000000000000
705.3543090820312500000000000
697.4292602539062500000000000
689.6055908203125000000000000
681.9047241210937500000000000
674.3079223632812500000000000
666.8166503906250000000000000
659.4219970703125000000000000
652.1387329101562500000000000
644.9479370117187500000000000
637.8676147460937500000000000
630.8651123046875000000000000
623.9688720703125000000000000
617.1732177734375000000000000
610.4690551757812500000000000
603.8436279296875000000000000
597.3119506835937500000000000
590.8714599609375000000000000
584.5269775390625000000000000
578.2445068359375000000000000
572.0705566406250000000000000
565.9676513671875000000000000
559.9401855468750000000000000
553.9996948242187500000000000
548.1365966796875000000000000
542.3518676757812500000000000
536.6427612304687500000000000
530.9995727539062500000000000
525.4373779296875000000000000
519.9498901367187500000000000
514.5380859375000000000000000
509.1919555664062500000000000
503.9195861816406250000000000
498.6999816894531250000000000
493.5647583007812500000000000
488.4801940917968750000000000
483.4798278808593750000000000
478.5297546386718750000000000
473.6416625976562500000000000
468.8235778808593750000000000
464.0634155273437500000000000
459.3618469238281250000000000
454.7213134765625000000000000
450.1370239257812500000000000
445.6226196289062500000000000
441.1396484375000000000000000
436.7428283691406250000000000
432.3786315917968750000000000
428.0794677734375000000000000
423.8252563476562500000000000
419.6279296875000000000000000
415.4823303222656250000000000
411.3853149414062500000000000
407.3374023437500000000000000
403.3487243652343750000000000
399.4026489257812500000000000
395.5015563964843750000000000
391.6594238281250000000000000
387.8576354980468750000000000
384.0984802246093750000000000
380.3844604492187500000000000
376.7199096679687500000000000
373.0956420898437500000000000
369.5121154785156250000000000
365.9834594726562500000000000
362.4866638183593750000000000
359.0299682617187500000000000
355.6177978515625000000000000
352.2545471191406250000000000
348.9208984375000000000000000
345.6291198730468750000000000
342.3736267089843750000000000
339.1588745117187500000000000
335.9812622070312500000000000
332.8452148437500000000000000
329.7350158691406250000000000
326.6711730957031250000000000
323.6359252929687500000000000
320.6397705078125000000000000
317.6769714355468750000000000
314.7478942871093750000000000
311.8549194335937500000000000
308.9943542480468750000000000
306.1644592285156250000000000
303.3676452636718750000000000
300.6021423339843750000000000
297.8724365234375000000000000
295.1685180664062500000000000
292.4989929199218750000000000
289.8579406738281250000000000
287.2456665039062500000000000
284.6604003906250000000000000
282.1086730957031250000000000
279.5823974609375000000000000
277.0819091796875000000000000
274.6116333007812500000000000
272.1782226562500000000000000
269.7630004882812500000000000
267.3767089843750000000000000
265.0133056640625000000000000
262.6794128417968750000000000
260.3667907714843750000000000
258.0798950195312500000000000
255.8276062011718750000000000
253.5865631103515625000000000
251.3774261474609375000000000
249.1961059570312500000000000
247.0321044921875000000000000
244.8888244628906250000000000
242.7751922607421875000000000
240.6849212646484375000000000
238.6095428466796875000000000
236.5612182617187500000000000
234.5402221679687500000000000
232.5357971191406250000000000
230.5525360107421875000000000
228.5884552001953125000000000
226.6448059082031250000000000
224.7196044921875000000000000
222.8230133056640625000000000
220.9419403076171875000000000
219.0832061767578125000000000
217.2381286621093750000000000
215.4191436767578125000000000
213.6174774169921875000000000
211.8344726562500000000000000
210.0624084472656250000000000
208.3205566406250000000000000
206.5911254882812500000000000
204.8798675537109375000000000
203.1869964599609375000000000
201.5115203857421875000000000
199.8524627685546875000000000
198.2065429687500000000000000
196.5876464843750000000000000
194.9776458740234375000000000
193.3858184814453125000000000
191.8100280761718750000000000
190.2458190917968750000000000
188.7048797607421875000000000
187.1804351806640625000000000
185.6668243408203125000000000
184.1653289794921875000000000
182.6830749511718750000000000
181.2178649902343750000000000
179.7663726806640625000000000
178.3275146484375000000000000
176.9025878906250000000000000
175.4941101074218750000000000
174.0986328125000000000000000
172.7163085937500000000000000
171.3472747802734375000000000
169.9939727783203125000000000
168.6506347656250000000000000
167.3220977783203125000000000
166.0061187744140625000000000
164.7075958251953125000000000
163.4170684814453125000000000
162.1370239257812500000000000
160.8760070800781250000000000
159.0809936523437500000000000
156.6233978271484375000000000
154.2118682861328125000000000
151.8478240966796875000000000
149.5290374755859375000000000
147.2544097900390625000000000
145.0228729248046875000000000
142.8333129882812500000000000
140.6858062744140625000000000
138.5767059326171875000000000
136.5085601806640625000000000
134.4776458740234375000000000
132.4852294921875000000000000
130.5290832519531250000000000
128.6098327636718750000000000
126.7242584228515625000000000
124.8748474121093750000000000
123.0579986572265625000000000
121.2742767333984375000000000
119.5222549438476562500000000
117.8018188476562500000000000
116.1115188598632812500000000
114.4538192749023437500000000
112.8246383666992187500000000
111.2237625122070312500000000
109.6503372192382812500000000
108.1068191528320312500000000
106.5882949829101562500000000
105.0972213745117187500000000
103.6333465576171875000000000
102.1930313110351562500000000
100.7783660888671875000000000
99.3883819580078125000000000
98.0207519531250000000000000
96.6792373657226562500000000
95.3573760986328125000000000
94.0606536865234375000000000
92.7853012084960937500000000
91.5309448242187500000000000
90.2975769042968750000000000
89.0855102539062500000000000
87.8936691284179687500000000
86.7205963134765625000000000
85.5694046020507812500000000
84.4358291625976562500000000
83.3197631835937500000000000
82.2232742309570312500000000
81.1459274291992187500000000
80.0836944580078125000000000
79.0400695800781250000000000
78.0138473510742187500000000
77.0042114257812500000000000
76.0103225708007812500000000
75.0320434570312500000000000
74.0699615478515625000000000
73.1239547729492187500000000
72.1913070678710937500000000
71.2751693725585937500000000
70.3728103637695312500000000
69.4848022460937500000000000
68.6091232299804687500000000
67.7489318847656250000000000
66.9025802612304687500000000
66.0691223144531250000000000
65.2474288940429687500000000
64.4406967163085937500000000
63.6438064575195312500000000
62.8605346679687500000000000
62.0887641906738281250000000
61.3292388916015625000000000
60.5815429687500000000000000
59.8446922302246093750000000
59.1188316345214843750000000
58.4052734375000000000000000
57.7008819580078125000000000
57.0075416564941406250000000
56.3244247436523437500000000
55.6516647338867187500000000
54.9894065856933593750000000
54.3371963500976562500000000
53.6941757202148437500000000
53.0600776672363281250000000
52.4360122680664062500000000
51.8203201293945312500000000
51.2139129638671875000000000
50.6167144775390625000000000
50.0280342102050781250000000
49.4477844238281250000000000
48.8762855529785156250000000
48.3132324218750000000000000
47.7571182250976562500000000
47.2102699279785156250000000
46.6701545715332031250000000
46.1387023925781250000000000
45.6135444641113281250000000
45.0968437194824218750000000
44.5872497558593750000000000
44.0846443176269531250000000
43.5893287658691406250000000
43.1003494262695312500000000
42.6190452575683593750000000
42.1442451477050781250000000
41.6760406494140625000000000
41.2138748168945312500000000
40.7586708068847656250000000
40.3092460632324218750000000
39.8667259216308593750000000
39.4290695190429687500000000
38.9980545043945312500000000
38.5733261108398437500000000
38.1543159484863281250000000
37.7402267456054687500000000
37.3319969177246093750000000
36.9294662475585937500000000
36.5329360961914062500000000
36.1402816772460937500000000
35.7544097900390625000000000
35.3729782104492187500000000
34.9962615966796875000000000
34.6249809265136718750000000
34.2585372924804687500000000
33.8969917297363281250000000
33.5401725769042968750000000
33.1874732971191406250000000
32.8398361206054687500000000
32.4968681335449218750000000
32.1586303710937500000000000
31.8244972229003906250000000
31.4949741363525390625000000
31.1687488555908203125000000
30.8477973937988281250000000
30.5300121307373046875000000
30.2174892425537109375000000
29.9081096649169921875000000
29.6026039123535156250000000
29.3014736175537109375000000
29.0039634704589843750000000
28.7101154327392578125000000
28.4200820922851562500000000
28.1335639953613281250000000
27.8514137268066406250000000
27.5712280273437500000000000
27.2964267730712890625000000
27.0236644744873046875000000
26.7549667358398437500000000
26.4890785217285156250000000
26.2267456054687500000000000
25.9676456451416015625000000
25.7115821838378906250000000
25.4585876464843750000000000
25.2092952728271484375000000
24.9626655578613281250000000
24.7188472747802734375000000
24.4787139892578125000000000
24.2411022186279296875000000
24.0061550140380859375000000
23.7740287780761718750000000
23.5449943542480468750000000
23.3184776306152343750000000
23.0945072174072265625000000
22.8739662170410156250000000
22.6554164886474609375000000
22.4393730163574218750000000
22.2261123657226562500000000
22.0159091949462890625000000
21.8075561523437500000000000
21.6018199920654296875000000
21.3983516693115234375000000
21.1974296569824218750000000
20.9988288879394531250000000
20.8028259277343750000000000
20.6084384918212890625000000
20.4169483184814453125000000
20.2272453308105468750000000
20.0399856567382812500000000
19.8548107147216796875000000
19.6717433929443359375000000
19.4909324645996093750000000
19.3121471405029296875000000
19.1352787017822265625000000
18.9604778289794921875000000
18.7876338958740234375000000
18.6170272827148437500000000
18.4480323791503906250000000
18.2811870574951171875000000
18.1161212921142578125000000
17.9528541564941406250000000
17.7912750244140625000000000
17.6317920684814453125000000
17.4738998413085937500000000
17.3176193237304687500000000
17.1632270812988281250000000
17.0111389160156250000000000
16.8601875305175781250000000
16.7110443115234375000000000
16.5633316040039062500000000
16.4174633026123046875000000
16.2729244232177734375000000
16.1299934387207031250000000
15.9892253875732421875000000
15.8491601943969726562500000
15.7110891342163085937500000
15.5747566223144531250000000
15.4395065307617187500000000
15.3055515289306640625000000
15.1734495162963867187500000
15.0428075790405273437500000
14.9130964279174804687500000
14.7850761413574218750000000
14.6587638854980468750000000
14.5334873199462890625000000
14.4095335006713867187500000
14.2867784500122070312500000
14.1653003692626953125000000
14.0449752807617187500000000
13.9264383316040039062500000
13.8088712692260742187500000
13.6927003860473632812500000
13.5773830413818359375000000
13.4636964797973632812500000
13.3510923385620117187500000
13.2396545410156250000000000
13.1289005279541015625000000
13.0200347900390625000000000
12.9119453430175781250000000
12.8049917221069335937500000
12.6991872787475585937500000
12.5944700241088867187500000
12.4907789230346679687500000
12.3879089355468750000000000
12.2867279052734375000000000
12.1861028671264648437500000
12.0866136550903320312500000
11.9881267547607421875000000
11.8903636932373046875000000
11.7940549850463867187500000
11.6987771987915039062500000
11.6041765213012695312500000
11.5103330612182617187500000
11.4176921844482421875000000
11.3261165618896484375000000
11.2353982925415039062500000
11.1454696655273437500000000
11.0564117431640625000000000
10.9683818817138671875000000
10.8811645507812500000000000
10.7947692871093750000000000
10.7092046737670898437500000
10.6246232986450195312500000
10.5406646728515625000000000
10.4576311111450195312500000
10.3753824234008789062500000
10.2942247390747070312500000
10.2135667800903320312500000
10.1335639953613281250000000
10.0547504425048828125000000
9.9425621032714843750000000
9.7889623641967773437500000
9.6382417678833007812500000
9.4904890060424804687500000
9.3455648422241210937500000
9.2034006118774414062500000
9.0639295578002929687500000
8.9270820617675781250000000
8.7928628921508789062500000
8.6610441207885742187500000
8.5317850112915039062500000
8.4048528671264648437500000
8.2803268432617187500000000
8.1580677032470703125000000
8.0381145477294921875000000
7.9202661514282226562500000
7.8046779632568359375000000
7.6911249160766601562500000
7.5796422958374023437500000
7.4701409339904785156250000
7.3626136779785156250000000
7.2569699287414550781250000
7.1533637046813964843750000
7.0515398979187011718750000
6.9514851570129394531250000
6.8531460762023925781250000
6.7566761970520019531250000
6.6617684364318847656250000
6.5685763359069824218750000
6.4770841598510742187500000
6.3870644569396972656250000
6.2986478805541992187500000
6.2117738723754882812500000
6.1262969970703125000000000
6.0424523353576660156250000
5.9598360061645507812500000
5.8787908554077148437500000
5.7990813255310058593750000
5.7206840515136718750000000
5.6435985565185546875000000
5.5678443908691406250000000
5.4933543205261230468750000
5.4200372695922851562500000
5.3480877876281738281250000
5.2772393226623535156250000
5.2074851989746093750000000
5.1389546394348144531250000
5.0716204643249511718750000
5.0052309036254882812500000
4.9400043487548828125000000
4.8758654594421386718750000
4.8127632141113281250000000
4.7506451606750488281250000
4.6895027160644531250000000
4.6293725967407226562500000
4.5702471733093261718750000
4.5119566917419433593750000
4.4546980857849121093750000
4.3983006477355957031250000
4.3428001403808593750000000
4.2880702018737792968750000
4.2343082427978515625000000
4.1814112663269042968750000
4.1293201446533203125000000
4.0779643058776855468750000
4.0275435447692871093750000
3.9777379035949707031250000
3.9287834167480468750000000
3.8805477619171142578125000
3.8330774307250976562500000
3.7863464355468750000000000
3.7402932643890380859375000
3.6949269771575927734375000
3.6503295898437500000000000
3.6063051223754882812500000
3.5629713535308837890625000
3.5202765464782714843750000
3.4782290458679199218750000
3.4368379116058349609375000
3.3960747718811035156250000
3.3558859825134277343750000
3.3162548542022705078125000
3.2772507667541503906250000
3.2387700080871582031250000
3.2008695602416992187500000
3.1635446548461914062500000
3.1267521381378173828125000
3.0904865264892578125000000
3.0547678470611572265625000
3.0195770263671875000000000
2.9848198890686035156250000
2.9506418704986572265625000
2.9168846607208251953125000
2.8836688995361328125000000
2.8508465290069580078125000
2.8185527324676513671875000
2.7867031097412109375000000
2.7552902698516845703125000
2.7243330478668212890625000
2.6937718391418457031250000
2.6636903285980224609375000
2.6340153217315673828125000
2.6047525405883789062500000
2.5758671760559082031250000
2.5474169254302978515625000
2.5193278789520263671875000
2.4916703701019287109375000
2.4643168449401855468750000
2.4373784065246582031250000
2.4108328819274902343750000
2.3846447467803955078125000
2.3587641716003417968750000
2.3332498073577880859375000
2.3080916404724121093750000
2.2833085060119628906250000
2.2587676048278808593750000
2.2346506118774414062500000
2.2108111381530761718750000
2.1872663497924804687500000
2.1640613079071044921875000
2.1411585807800292968750000
2.1185619831085205078125000
2.0962607860565185546875000
2.0742170810699462890625000
2.0524897575378417968750000
2.0310542583465576171875000
2.0099143981933593750000000
1.9890310764312744140625000
1.9684358835220336914062500
1.9480468034744262695312500
1.9279873371124267578125000
1.9081257581710815429687500
1.8885930776596069335937500
1.8692568540573120117187500
1.8501627445220947265625000
1.8313421010971069335937500
1.8127477169036865234375000
1.7943822145462036132812500
1.7762551307678222656250000
1.7583477497100830078125000
1.7407133579254150390625000
1.7232017517089843750000000
1.7060266733169555664062500
1.6889790296554565429687500
1.6721854209899902343750000
1.6555674076080322265625000
1.6391716003417968750000000
1.6229778528213500976562500
1.6069738864898681640625000
1.5911617279052734375000000
1.5755809545516967773437500
1.5601665973663330078125000
1.5449279546737670898437500
1.5299196243286132812500000
1.5150688886642456054687500
1.5003846883773803710937500
1.4858767986297607421875000
1.4715621471405029296875000
1.4574048519134521484375000
1.4434067010879516601562500
1.4296228885650634765625000
1.4159635305404663085937500
1.4024608135223388671875000
1.3891320228576660156250000
1.3759943246841430664062500
1.3629722595214843750000000
1.3501137495040893554687500
1.3373969793319702148437500
1.3248393535614013671875000
1.3124268054962158203125000
1.3001766204833984375000000
1.2880274057388305664062500
1.2760592699050903320312500
1.2642028331756591796875000
1.2524991035461425781250000
1.2409256696701049804687500
1.2294839620590209960937500
1.2181832790374755859375000
1.2070091962814331054687500
1.1959549188613891601562500
1.1850298643112182617187500
1.1742271184921264648437500
1.1635642051696777343750000
1.1530020236968994140625000
1.1425741910934448242187500
1.1322575807571411132812500
1.1220533847808837890625000
1.1119546890258789062500000
1.1019870042800903320312500
1.0921187400817871093750000
1.0823512077331542968750000
1.0727016925811767578125000
1.0631961822509765625000000
1.0537617206573486328125000
1.0444402694702148437500000
1.0352082252502441406250000
1.0260914564132690429687500
1.0170577764511108398437500
1.0081245899200439453125000
0.9993265867233276367187500
0.9905725121498107910156250
0.9819430708885192871093750
0.9734222888946533203125000
0.9649691581726074218750000
0.9565969705581665039062500
0.9483405947685241699218750
0.9401754736900329589843750
0.9320685267448425292968750
0.9240672588348388671875000
0.9161727428436279296875000
0.9083429574966430664062500
0.9005958437919616699218750
0.8929236531257629394531250
0.8853312730789184570312500
0.8778109550476074218750000
0.8704023957252502441406250
0.8630544543266296386718750
0.8557937741279602050781250
0.8485864400863647460937500
0.8414810299873352050781250
0.8344432711601257324218750
0.8274784088134765625000000
0.8205562829971313476562500
0.8137521743774414062500000
0.8069965839385986328125000
0.8003119826316833496093750
0.7936992049217224121093750
0.7871543765068054199218750
0.7806736826896667480468750
0.7742443084716796875000000
0.7679204940795898437500000
0.7616314291954040527343750
0.7554133534431457519531250
0.7492579221725463867187500
0.7431477308273315429687500
0.7371284365653991699218750
0.7311735749244689941406250
0.7252610325813293457031250
0.7193958163261413574218750
0.7136057615280151367187500
0.7078822851181030273437500
0.7022123932838439941406250
0.6965918540954589843750000
0.6910257339477539062500000
0.6855238676071166992187500
0.6800727844238281250000000
0.6746730804443359375000000
0.6693252921104431152343750
0.6640389561653137207031250
0.6587915420532226562500000
0.6536019444465637207031250
0.6484614014625549316406250
0.6433890461921691894531250
0.6383479237556457519531250
0.6333477497100830078125000
0.6284219026565551757812500
0.6214101314544677734375000
0.6118101477622985839843750
0.6023901104927062988281250
0.5931555628776550292968750
0.5840978026390075683593750
0.5752125382423400878906250
0.5664955973625183105468750
0.5579426288604736328125000
0.5495539307594299316406250
0.5413152575492858886718750
0.5332365632057189941406250
0.5253033041954040527343750
0.5175204277038574218750000
0.5098792314529418945312500
0.5023821592330932617187500
0.4950166344642639160156250
0.4877923727035522460937500
0.4806953072547912597656250
0.4737276434898376464843750
0.4668838083744049072265625
0.4601633548736572265625000
0.4535606205463409423828125
0.4470852315425872802734375
0.4407212436199188232421875
0.4344678223133087158203125
0.4283216297626495361328125
0.4222922623157501220703125
0.4163605272769927978515625
0.4105360209941864013671875
0.4048177599906921386718750
0.3991915285587310791015625
0.3936654925346374511718750
0.3882358670234680175781250
0.3828935623168945312500000
0.3776532709598541259765625
0.3724897503852844238281250
0.3674244284629821777343750
0.3624425828456878662109375
0.3575427532196044921875000
0.3527249097824096679687500
0.3479902744293212890625000
0.3433346450328826904296875
0.3387523293495178222656250
0.3342554867267608642578125
0.3298274576663970947265625
0.3254678249359130859375000
0.3211846649646759033203125
0.3169762790203094482421875
0.3128269314765930175781250
0.3087502717971801757812500
0.3047415912151336669921875
0.3007977008819580078125000
0.2969153225421905517578125
0.2930939197540283203125000
0.2893357872962951660156250
0.2856404483318328857421875
0.2819972932338714599609375
0.2784186303615570068359375
0.2748937904834747314453125
0.2714250087738037109375000
0.2680043876171112060546875
0.2646442651748657226562500
0.2613382041454315185546875
0.2580825090408325195312500
0.2548727691173553466796875
0.2517214715480804443359375
0.2486086189746856689453125
0.2455489635467529296875000
0.2425342351198196411132813
0.2395673394203186035156250
0.2366466522216796875000000
0.2337683290243148803710938
0.2309329360723495483398438
0.2281455993652343750000000
0.2253940701484680175781250
0.2226857095956802368164063
0.2200172841548919677734375
0.2173893153667449951171875
0.2148023694753646850585938
0.2122546732425689697265625
0.2097428739070892333984375
0.2072659283876419067382813
0.2048281729221343994140625
0.2024231255054473876953125
0.2000543475151062011718750
0.1977215409278869628906250
0.1954220086336135864257813
0.1931554079055786132812500
0.1909229904413223266601563
0.1887235641479492187500000
0.1865512430667877197265625
0.1844151169061660766601563
0.1823052912950515747070313
0.1802293062210083007812500
0.1781779080629348754882813
0.1761595457792282104492188
0.1741689443588256835937500
0.1722056418657302856445313
0.1702708154916763305664063
0.1683607399463653564453125
0.1664806455373764038085938
0.1646259576082229614257813
0.1627970337867736816406250
0.1609916985034942626953125
0.1592135578393936157226563
0.1574579924345016479492188
0.1557293981313705444335938
0.1540198028087615966796875
0.1523361504077911376953125
0.1506770551204681396484375
0.1490402966737747192382813
0.1474227607250213623046875
0.1458281129598617553710938
0.1442557275295257568359375
0.1427067816257476806640625
0.1411729753017425537109375
0.1396656632423400878906250
0.1381756961345672607421875
0.1367041468620300292968750
0.1352538317441940307617188
0.1338224112987518310546875
0.1324101239442825317382813
0.1310162991285324096679688
0.1296385675668716430664063
0.1282806098461151123046875
0.1269408911466598510742188
0.1256196498870849609375000
0.1243144422769546508789063
0.1230272427201271057128906
0.1217529252171516418457031
0.1204992085695266723632813
0.1192578598856925964355469
0.1180370673537254333496094
0.1168285533785820007324219
0.1156351715326309204101563
0.1144588813185691833496094
0.1132967323064804077148438
0.1121488884091377258300781
0.1110159456729888916015625
0.1098967343568801879882813
0.1087945848703384399414063
0.1077001094818115234375000
0.1066266670823097229003906
0.1055611893534660339355469
0.1045115888118743896484375
0.1034729629755020141601563
0.1024482250213623046875000
0.1014361158013343811035156
0.1004358679056167602539063
0.0994476079940795898437500
0.0984738096594810485839844
0.0975104123353958129882813
0.0965579971671104431152344
0.0956199765205383300781250
0.0946918055415153503417969
0.0937740430235862731933594
0.0928672999143600463867188
0.0919726341962814331054688
0.0910878032445907592773438
0.0902129188179969787597656
0.0893514305353164672851563
0.0884977206587791442871094
0.0876538008451461791992188
0.0868207514286041259765625
0.0859996452927589416503906
0.0851857662200927734375000
0.0843821093440055847167969
0.0835873112082481384277344
0.0828024595975875854492188
0.0820266753435134887695313
0.0812610387802124023437500
0.0805017128586769104003906
0.0797537043690681457519531
0.0790126770734786987304688
0.0782811939716339111328125
0.0775578543543815612792969
0.0768427476286888122558594
0.0761364549398422241210938
0.0754380747675895690917969
0.0747471824288368225097656
0.0740643665194511413574219
0.0733891949057579040527344
0.0727227628231048583984375
0.0720626264810562133789063
0.0714108869433403015136719
0.0707660987973213195800781
0.0701283365488052368164063
0.0694971680641174316406250
0.0688741877675056457519531
0.0682574212551116943359375
0.0676469504833221435546875
0.0670438557863235473632813
0.0664497613906860351562500
0.0658601075410842895507813
0.0652775168418884277343750
0.0647005140781402587890625
0.0641307160258293151855469
0.0635661110281944274902344
0.0630077868700027465820313
0.0624579116702079772949219
0.0619107820093631744384766
0.0613714419305324554443359
0.0608388930559158325195313
0.0603105723857879638671875
0.0597873106598854064941406
0.0592712871730327606201172
0.0587609671056270599365234
0.0582542829215526580810547
0.0577542036771774291992188
0.0572607964277267456054688
0.0567714348435401916503906
0.0562872402369976043701172
0.0558077283203601837158203
0.0553332045674324035644531
0.0548631846904754638671875
0.0544001497328281402587891
0.0539409033954143524169922
0.0534871108829975128173828
0.0530366525053977966308594
0.0525925643742084503173828
0.0521527044475078582763672
0.0517174005508422851562500
0.0512847676873207092285156
0.0508595108985900878906250
0.0504372864961624145507813
0.0500194989144802093505859
0.0496062003076076507568359
0.0491971485316753387451172
0.0487921051681041717529297
0.0483902692794799804687500
0.0479950308799743652343750
0.0476019643247127532958984
0.0472133345901966094970703
0.0468286201357841491699219
0.0464467331767082214355469
0.0460705272853374481201172
0.0456983484327793121337891
0.0453288145363330841064453
0.0449622385203838348388672
0.0446003600955009460449219
0.0442426428198814392089844
0.0438882745802402496337891
0.0435369908809661865234375
0.0431891083717346191406250
0.0428452417254447937011719
0.0425045490264892578125000
0.0421670675277709960937500
0.0418328307569026947021484
0.0415024347603321075439453
0.0411744713783264160156250
0.0408501215279102325439453
0.0405288375914096832275391
0.0402118153870105743408203
0.0398967452347278594970703
0.0395842343568801879882813
0.0392763689160346984863281
0.0388381332159042358398438
0.0382381342351436614990234
0.0376493819057941436767578
0.0370722226798534393310547
0.0365061126649379730224609
0.0359507836401462554931641
0.0354059748351573944091797
0.0348714143037796020507813
0.0343471206724643707275391
0.0338322035968303680419922
0.0333272852003574371337891
0.0328314565122127532958984
0.0323450267314910888671875
0.0318674519658088684082031
0.0313988849520683288574219
0.0309385396540164947509766
0.0304870232939720153808594
0.0300434567034244537353516
0.0296079777181148529052734
0.0291802380234003067016602
0.0287602096796035766601563
0.0283475387841463088989258
0.0279428269714117050170898
0.0275450777262449264526367
0.0271542388945817947387695
0.0267701018601655960083008
0.0263932663947343826293945
0.0260225329548120498657227
0.0256585013121366500854492
0.0253011099994182586669922
0.0249494705349206924438477
0.0246040932834148406982422
0.0242647416889667510986328
0.0239308476448059082031250
0.0236033294349908828735352
0.0232806093990802764892578
0.0229640267789363861083984
0.0226526614278554916381836
0.0223464220762252807617188
0.0220453068614006042480469
0.0217493921518325805664063
0.0214584153145551681518555
0.0211720205843448638916016
0.0208909679204225540161133
0.0206142161041498184204102
0.0203417390584945678710938
0.0200740415602922439575195
0.0198110174387693405151367
0.0195516832172870635986328
0.0192968919873237609863281
0.0190463494509458541870117
0.0187998563051223754882813
0.0185572076588869094848633
0.0183183699846267700195313
0.0180834867060184478759766
0.0178525280207395553588867
0.0176248308271169662475586
0.0174011643975973129272461
0.0171808619052171707153320
0.0169640630483627319335938
0.0167502742260694503784180
0.0165402665734291076660156
0.0163336377590894699096680
0.0161301568150520324707031
0.0159295480698347091674805
0.0157325919717550277709961
0.0155380386859178543090820
0.0153468102216720581054688
0.0151583896949887275695801
0.0149729587137699127197266
0.0147904157638549804687500
0.0146105205640196800231934
0.0144333085045218467712402
0.0142590999603271484375000
0.0140871293842792510986328
0.0139178568497300148010254
0.0137510802596807479858398
0.0135868322104215621948242
0.0134251480922102928161621
0.0132659170776605606079102
0.0131089296191930770874023
0.0129541205242276191711426
0.0128017608076333999633789
0.0126514453440904617309570
0.0125033967196941375732422
0.0123575963079929351806641
0.0122138755396008491516113
0.0120722129940986633300781
0.0119326869025826454162598
0.0117952227592468261718750
0.0116594526916742324829102
0.0115259448066353797912598
0.0113940807059407234191895
0.0112643316388130187988281
0.0111361192539334297180176
0.0110099716112017631530762
0.0108855590224266052246094
0.0107628526166081428527832
0.0106419259682297706604004
0.0105225462466478347778320
0.0104050403460860252380371
0.0102891223505139350891113
0.0101748146116733551025391
0.0100619811564683914184570
0.0099508473649621009826660
0.0098411245271563529968262
0.0097330873832106590270996
0.0096262376755475997924805
0.0095210094004869461059570
0.0094173159450292587280273
0.0093150185421109199523926
0.0092139225453138351440430
0.0091142570599913597106934
0.0090159829705953598022461
0.0089191738516092300415039
0.0088233109563589096069336
0.0087291039526462554931641
0.0086359810084104537963867
0.0085440091788768768310547
0.0084533644840121269226074
0.0083639007061719894409180
0.0082756327465176582336426
0.0081885186955332756042480
0.0081024104729294776916504
0.0080175381153821945190430
0.0079338056966662406921387
0.0078512281179428100585938
0.0077696526423096656799316
0.0076892026700079441070557
0.0076095578260719776153564
0.0075312005355954170227051
0.0074536162428557872772217
0.0073773167096078395843506
0.0073017845861613750457764
0.0072271982207894325256348
0.0071536800824105739593506
0.0070810457691550254821777
0.0070093055255711078643799
0.0069384966045618057250977
0.0068685458973050117492676
0.0067996615543961524963379
0.0067312568426132202148438
0.0066641666926443576812744
0.0065975743345916271209717
0.0065319743007421493530273
0.0064670601859688758850098
0.0064030140638351440429688
0.0063397572375833988189697
0.0062772417441010475158691
0.0062154754996299743652344
0.0061546131037175655364990
0.0060944007709622383117676
0.0060348748229444026947021
0.0059762485325336456298828
0.0059182378463447093963623
0.0058608776889741420745850
0.0058042062446475028991699
0.0057482896372675895690918
0.0056929877027869224548340
0.0056383074261248111724854
0.0055844644084572792053223
0.0055311075411736965179443
0.0054783625528216361999512
0.0054262969642877578735352
0.0053749778307974338531494
0.0053241103887557983398438
0.0052738818340003490447998
0.0052242069505155086517334
0.0051751537248492240905762
0.0051266672089695930480957
0.0050788149237632751464844
0.0050313570536673069000244
0.0049846065230667591094971
0.0049382923170924186706543
0.0048925746232271194458008
0.0048473658971488475799561
0.0048026717267930507659912
0.0047585284337401390075684
0.0047148796729743480682373
0.0046716989018023014068604
0.0046290229074656963348389
0.0045868246816098690032959
0.0045451726764440536499023
0.0045039141550660133361816
0.0044631804339587688446045
0.0044228811748325824737549
0.0043830210343003273010254
0.0043435730040073394775391
0.0043046367354691028594971
0.0042660888284444808959961
0.0042279344052076339721680
0.0041902409866452217102051
0.0041531100869178771972656
0.0041162567213177680969238
0.0040798448026180267333984
0.0040437821298837661743164
0.0040081697516143321990967
0.0039728819392621517181396
0.0039379866793751716613770
0.0039036194793879985809326
0.0038694238755851984024048
0.0038357151206582784652710
0.0038024308159947395324707
0.0037694107741117477416992
0.0037367069162428379058838
0.0037044554483145475387573
0.0036725604441016912460327
0.0036408926825970411300659
0.0036096377298235893249512
0.0035787997767329216003418
0.0035482146777212619781494
0.0035179525148123502731323
0.0034879830200225114822388
0.0034583252854645252227783
0.0034289490431547164916992
0.0034000093583017587661743
0.0033713064622133970260620
0.0033429444301873445510864
0.0033147907815873622894287
0.0032870352733880281448364
0.0032595440279692411422729
0.0032323375344276428222656
0.0032052979804575443267822
0.0031787194311618804931641
0.0031523304060101509094238
0.0031262186821550130844116
0.0031003875192254781723022
0.0030748217832297086715698
0.0030495065730065107345581
0.0030243918299674987792969
0.0029996894299983978271484
0.0029751227702945470809937
0.0029508334118872880935669
0.0029267887584865093231201
0.0029029208235442638397217
0.0028794079553335905075073
0.0028561467770487070083618
0.0028330509085208177566528
0.0028101399075239896774292
0.0027875225059688091278076
0.0027651651762425899505615
0.0027430171612650156021118
0.0027210619300603866577148
0.0026993192732334136962891
0.0026778276078402996063232
0.0026565343141555786132813
0.0026354417204856872558594
0.0026145519223064184188843
0.0025939021725207567214966
0.0025734044611454010009766
0.0025531325954943895339966
0.0025330523494631052017212
0.0025132384616881608963013
0.0024935465771704912185669
0.0024740146473050117492676
0.0024547730572521686553955
0.0024273833259940147399902
0.0023898833896964788436890
0.0023530863691121339797974
0.0023170139174908399581909
0.0022816320415586233139038
0.0022469239775091409683228
0.0022128734271973371505737
0.0021794633939862251281738
0.0021466950420290231704712
0.0021145127248018980026245
0.0020829553250223398208618
0.0020519660320132970809937
0.0020215641707181930541992
0.0019917157478630542755127
0.0019624303095042705535889
0.0019336587283760309219360
0.0019054389558732509613037
0.0018777160439640283584595
0.0018504986073821783065796
0.0018237648764625191688538
0.0017975131049752235412598
0.0017717211740091443061829
0.0017464266857132315635681
0.0017215673578903079032898
0.0016971399309113621711731
0.0016731313662603497505188
0.0016495791496708989143372
0.0016264083096757531166077
0.0016036563320085406303406
0.0015813193749636411666870
0.0015593419084325432777405
0.0015377558302134275436401
0.0015165463555604219436646
0.0014956779778003692626953
0.0014752080896869301795959
0.0014550380874425172805786
0.0014352516736835241317749
0.0014157913392409682273865
0.0013966513797640800476074
0.0013778316788375377655029
0.0013593370094895362854004
0.0013411509571596980094910
0.0013232512865215539932251
0.0013056854950264096260071
0.0012883885065093636512756
0.0012713586911559104919434
0.0012546275975182652473450
0.0012381885899230837821960
0.0012219802010804414749146
0.0012060557492077350616455
0.0011903968406841158866882
0.0011749910190701484680176
0.0011598254786804318428040
0.0011448981240391731262207
0.0011302179191261529922485
0.0011157830012962222099304
0.0011015519266948103904724
0.0010875727748498320579529
0.0010738038690760731697083
0.0010602539405226707458496
0.0010468921391293406486511
0.0010337666608393192291260
0.0010208523599430918693542
0.0010081348009407520294189
0.0009955967543646693229675
0.0009832869982346892356873
0.0009711274178698658943176
0.0009591756388545036315918
0.0009473993559367954730988
0.0009358099196106195449829
0.0009244009852409362792969
0.0009131575352512300014496
0.0009020817815326154232025
0.0008911937475204467773438
0.0008804455865174531936646
0.0008698660531081259250641
0.0008594425162300467491150
0.0008491770131513476371765
0.0008390717557631433010101
0.0008291198173537850379944
0.0008193081011995673179626
0.0008096325327642261981964
0.0008001100504770874977112
0.0007907153340056538581848
0.0007814622949808835983276
0.0007723497692495584487915
0.0007633672212250530719757
0.0007545133121311664581299
0.0007457929314114153385162
0.0007372014224529266357422
0.0007287157932296395301819
0.0007203715504147112369537
0.0007121300441212952136993
0.0007040207274258136749268
0.0006960074533708393573761
0.0006881232257001101970673
0.0006803474389016628265381
0.0006726782885380089282990
0.0006651203730143606662750
0.0006576591404154896736145
0.0006503150216303765773773
0.0006430701469071209430695
0.0006359259132295846939087
0.0006288738222792744636536
0.0006219279603101313114166
0.0006150702829472720623016
0.0006083179614506661891937
0.0006016398547217249870300
0.0005950630875304341316223
0.0005885822465643286705017
0.0005821886588819324970245
0.0005758701590821146965027
0.0005696410662494599819183
0.0005634989356622099876404
0.0005574483657255768775940
0.0005514569347724318504333
0.0005455689970403909683228
0.0005397488130256533622742
0.0005340005736798048019409
0.0005283352802507579326630
0.0005227437941357493400574
0.0005172270466573536396027
0.0005117824184708297252655
0.0005064006545580923557281
0.0005010961322113871574402
0.0004958628560416400432587
0.0004907017573714256286621
0.0004856032901443541049957
0.0004805751668754965066910
0.0004755973641294986009598
0.0004707000334747135639191
0.0004658510151784867048264
0.0004610822943504899740219
0.0004563615366350859403610
0.0004516998887993395328522
0.0004471050051506608724594
0.0004425653605721890926361
0.0004380815953481942415237
0.0004336560377851128578186
0.0004292841185815632343292
0.0004249788471497595310211
0.0004207035526633262634277
0.0004165104182902723550797
0.0004123483959119766950607
0.0004082483937963843345642
0.0004041912616230547428131
0.0004001883789896965026855
0.0003962348273489624261856
0.0003923276090063154697418
0.0003884672187268733978271
0.0003846633189823478460312
0.0003809000481851398944855
0.0003771796764340251684189
0.0003735155332833528518677
0.0003698898653965443372726
0.0003663048555608838796616
0.0003627628902904689311981
0.0003592681023292243480682
0.0003558117314241826534271
0.0003523942141328006982803
0.0003490290255285799503326
0.0003456942213233560323715
0.0003423976595513522624969
0.0003391435602679848670959
0.0003359361144248396158218
0.0003327568992972373962402
0.0003296176146250218153000
0.0003265129344072192907333
0.0003234471078030765056610
0.0003204167005605995655060
0.0003174259327352046966553
0.0003144598158542066812515
0.0003115379076916724443436
0.0003086432698182761669159
0.0003057859139516949653625
0.0003029603685718029737473
0.0003001669829245656728745
0.0002974080271087586879730
0.0002946799795608967542648
0.0002919811813626438379288
0.0002893139317166060209274
0.0002866765426006168127060
0.0002840732922777533531189
0.0002814946346916258335114
0.0002789487771224230527878
0.0002764300734270364046097
0.0002739388146437704563141
0.0002714733127504587173462
0.0002690397959668189287186
0.0002666305517777800559998
0.0002642459003254771232605
0.0002618900616653263568878
0.0002595693804323673248291
0.0002572660450823605060577
0.0002549903001636266708374
0.0002527363831177353858948
0.0002505106094758957624435
0.0002483051212038844823837
0.0002461241674609482288361
0.0002439762174617499113083
0.0002418389922240749001503
0.0002397321950411424040794
0.0002376519259996712207794
0.0002355881733819842338562
0.0002335441822651773691177
0.0002315284655196592211723
0.0002295350277563557028770
0.0002275557926623150706291
0.0002256023581139743328094
0.0002236749860458076000214
0.0002217634173575788736343
0.0002198720321757718920708
0.0002179989387514069676399
0.0002161453303415328264236
0.0002143093151971697807312
0.0002125005848938599228859
0.0002107066538883373141289
0.0002089340268867090344429
0.0002071744238492101430893
0.0002054397045867517590523
0.0002037215017480775713921
0.0002020210959017276763916
0.0002003311237785965204239
0.0001986699644476175308228
0.0001970206503756344318390
0.0001953886676346883177757
0.0001937742199515923857689
0.0001921763614518567919731
0.0001905941608129069209099
0.0001890244893729686737061
0.0001874805893748998641968
0.0001859451731434091925621
0.0001844270882429555058479
0.0001829242974054068326950
0.0001814325514715164899826
0.0001799629972083494067192
0.0001785091735655441880226
0.0001770656817825511097908
0.0001756337442202493548393
0.0001742201566230505704880
0.0001728228235151618719101
0.0001714385725790634751320
0.0001700663706287741661072
0.0001687074545770883560181
0.0001673642254900187253952
0.0001660333946347236633301
0.0001647151075303554534912
0.0001634094951441511511803
0.0001621188857825472950935
0.0001608377788215875625610
0.0001595707872183993458748
0.0001583157718414440751076
0.0001570774038555100560188
0.0001558466610731557011604
0.0001546259154565632343292
0.0001534233160782605409622
