-636573843456.0000000000000000000000000
-617058140160.0000000000000000000000000
-598214180864.0000000000000000000000000
-580015816704.0000000000000000000000000
-562434408448.0000000000000000000000000
-545448394752.0000000000000000000000000
-529045651456.0000000000000000000000000
-513189085184.0000000000000000000000000
-497870012416.0000000000000000000000000
-483060154368.0000000000000000000000000
-468744077312.0000000000000000000000000
-454906347520.0000000000000000000000000
-441527435264.0000000000000000000000000
-428582502400.0000000000000000000000000
-416070008832.0000000000000000000000000
-403963674624.0000000000000000000000000
-392251342848.0000000000000000000000000
-380919611392.0000000000000000000000000
-369960091648.0000000000000000000000000
-359346012160.0000000000000000000000000
-349079961600.0000000000000000000000000
-339140345856.0000000000000000000000000
-329515925504.0000000000000000000000000
-320201785344.0000000000000000000000000
-311181377536.0000000000000000000000000
-302441201664.0000000000000000000000000
-293984796672.0000000000000000000000000
-285784866816.0000000000000000000000000
-277844819968.0000000000000000000000000
-270155497472.0000000000000000000000000
-262699974656.0000000000000000000000000
-255476236288.0000000000000000000000000
-248476991488.0000000000000000000000000
-241690984448.0000000000000000000000000
-235114774528.0000000000000000000000000
-228735729664.0000000000000000000000000
-222552997888.0000000000000000000000000
-216556371968.0000000000000000000000000
-210744180736.0000000000000000000000000
-205102481408.0000000000000000000000000
-199633338368.0000000000000000000000000
-194327871488.0000000000000000000000000
-189178429440.0000000000000000000000000
-184183160832.0000000000000000000000000
-179336380416.0000000000000000000000000
-174628945920.0000000000000000000000000
-170064232448.0000000000000000000000000
-165631492096.0000000000000000000000000
-161329119232.0000000000000000000000000
-157150576640.0000000000000000000000000
-153096421376.0000000000000000000000000
-149156888576.0000000000000000000000000
-145333141504.0000000000000000000000000
-141616988160.0000000000000000000000000
-138009231360.0000000000000000000000000
-134503546880.0000000000000000000000000
-131096535040.0000000000000000000000000
-127787991040.0000000000000000000000000
-124572549120.0000000000000000000000000
-121448660992.0000000000000000000000000
-118411567104.0000000000000000000000000
-115460030464.0000000000000000000000000
-112591208448.0000000000000000000000000
-109802209280.0000000000000000000000000
-107090149376.0000000000000000000000000
-104455053312.0000000000000000000000000
-101890473984.0000000000000000000000000
-99397697536.0000000000000000000000000
-96971816960.0000000000000000000000000
-94614118400.0000000000000000000000000
-92319072256.0000000000000000000000000
-90088579072.0000000000000000000000000
-87917395968.0000000000000000000000000
-85804810240.0000000000000000000000000
-83749142528.0000000000000000000000000
-81749319680.0000000000000000000000000
-79802687488.0000000000000000000000000
-77908492288.0000000000000000000000000
-76063711232.0000000000000000000000000
-74268573696.0000000000000000000000000
-72520515584.0000000000000000000000000
-70819266560.0000000000000000000000000
-69162745856.0000000000000000000000000
-67548876800.0000000000000000000000000
-65977843712.0000000000000000000000000
-64448040960.0000000000000000000000000
-62957039616.0000000000000000000000000
-61505982464.0000000000000000000000000
-60091146240.0000000000000000000000000
-58713972736.0000000000000000000000000
-57371709440.0000000000000000000000000
-56063995904.0000000000000000000000000
-54789214208.0000000000000000000000000
-53547651072.0000000000000000000000000
-52337000448.0000000000000000000000000
-51157409792.0000000000000000000000000
-50008014848.0000000000000000000000000
-48887169024.0000000000000000000000000
-47793840128.0000000000000000000000000
-46729125888.0000000000000000000000000
-45691023360.0000000000000000000000000
-44677857280.0000000000000000000000000
-43690708992.0000000000000000000000000
-42727563264.0000000000000000000000000
-41788686336.0000000000000000000000000
-40872550400.0000000000000000000000000
-39979073536.0000000000000000000000000
-39107239936.0000000000000000000000000
-38256779264.0000000000000000000000000
-37427306496.0000000000000000000000000
-36618412032.0000000000000000000000000
-35828232192.0000000000000000000000000
-35057811456.0000000000000000000000000
-34305437696.0000000000000000000000000
-33572085760.0000000000000000000000000
-32855308288.0000000000000000000000000
-32156221440.0000000000000000000000000
-31474329600.0000000000000000000000000
-30807916544.0000000000000000000000000
-30157766656.0000000000000000000000000
-29522485248.0000000000000000000000000
-28902537216.0000000000000000000000000
-28297246720.0000000000000000000000000
-27705862144.0000000000000000000000000
-27128516608.0000000000000000000000000
-26565095424.0000000000000000000000000
-26014117888.0000000000000000000000000
-25476440064.0000000000000000000000000
-24950816768.0000000000000000000000000
-24437770240.0000000000000000000000000
-23936462848.0000000000000000000000000
-23446614016.0000000000000000000000000
-22968342528.0000000000000000000000000
-22500800512.0000000000000000000000000
-22043547648.0000000000000000000000000
-21597179904.0000000000000000000000000
-21160855552.0000000000000000000000000
-20734523392.0000000000000000000000000
-20317489152.0000000000000000000000000
-19909957632.0000000000000000000000000
-19511707648.0000000000000000000000000
-19122378752.0000000000000000000000000
-18741993472.0000000000000000000000000
-18369781760.0000000000000000000000000
-18006013952.0000000000000000000000000
-17650227200.0000000000000000000000000
-17302460416.0000000000000000000000000
-16962248704.0000000000000000000000000
-16629541888.0000000000000000000000000
-16304039936.0000000000000000000000000
-15986093056.0000000000000000000000000
-15675079680.0000000000000000000000000
-15370415104.0000000000000000000000000
-15072731136.0000000000000000000000000
-14781404160.0000000000000000000000000
-14496413696.0000000000000000000000000
-14217622528.0000000000000000000000000
-13944927232.0000000000000000000000000
-13677987840.0000000000000000000000000
-13416821760.0000000000000000000000000
-13161248768.0000000000000000000000000
-12911204352.0000000000000000000000000
-12666300416.0000000000000000000000000
-12426763264.0000000000000000000000000
-12192322560.0000000000000000000000000
-11962758144.0000000000000000000000000
-11737998336.0000000000000000000000000
-11518064640.0000000000000000000000000
-11302769664.0000000000000000000000000
-11091804160.0000000000000000000000000
-10885544960.0000000000000000000000000
-10683325440.0000000000000000000000000
-10485558272.0000000000000000000000000
-10291857408.0000000000000000000000000
-10102110208.0000000000000000000000000
-9916294144.0000000000000000000000000
-9734378496.0000000000000000000000000
-9556132864.0000000000000000000000000
-9381534720.0000000000000000000000000
-9210506240.0000000000000000000000000
-9043146752.0000000000000000000000000
-8878979072.0000000000000000000000000
-8718257152.0000000000000000000000000
-8560831488.0000000000000000000000000
-8406589952.0000000000000000000000000
-8255461888.0000000000000000000000000
-8107296256.0000000000000000000000000
-7962183168.0000000000000000000000000
-7820172800.0000000000000000000000000
-7680667648.0000000000000000000000000
-7544080896.0000000000000000000000000
-7410178560.0000000000000000000000000
-7279172608.0000000000000000000000000
-7150464512.0000000000000000000000000
-7024505856.0000000000000000000000000
-6900983296.0000000000000000000000000
-6779881472.0000000000000000000000000
-6661271552.0000000000000000000000000
-6544836096.0000000000000000000000000
-6430785024.0000000000000000000000000
-6318881792.0000000000000000000000000
-6209216000.0000000000000000000000000
-6101730816.0000000000000000000000000
-5996213760.0000000000000000000000000
-5892870656.0000000000000000000000000
-5791508480.0000000000000000000000000
-5691988992.0000000000000000000000000
-5594522112.0000000000000000000000000
-5498869760.0000000000000000000000000
-5405160448.0000000000000000000000000
-5313095680.0000000000000000000000000
-5222801408.0000000000000000000000000
-5134203392.0000000000000000000000000
-5047468032.0000000000000000000000000
-4962216448.0000000000000000000000000
-4878654464.0000000000000000000000000
-4796728832.0000000000000000000000000
-4716219392.0000000000000000000000000
-4637233152.0000000000000000000000000
-4559814656.0000000000000000000000000
-4483786752.0000000000000000000000000
-4409213952.0000000000000000000000000
-4335979520.0000000000000000000000000
-4264207872.0000000000000000000000000
-4193743104.0000000000000000000000000
-4124505856.0000000000000000000000000
-4056623616.0000000000000000000000000
-3989978112.0000000000000000000000000
-3924552448.0000000000000000000000000
-3860308992.0000000000000000000000000
-3797333248.0000000000000000000000000
-3735446784.0000000000000000000000000
-3674692608.0000000000000000000000000
-3615034368.0000000000000000000000000
-3556434176.0000000000000000000000000
-3499036928.0000000000000000000000000
-3442582528.0000000000000000000000000
-3387216384.0000000000000000000000000
-3332758272.0000000000000000000000000
-3279292928.0000000000000000000000000
-3226842624.0000000000000000000000000
-3175289344.0000000000000000000000000
-3124716288.0000000000000000000000000
-3074964736.0000000000000000000000000
-3026188800.0000000000000000000000000
-2978238464.0000000000000000000000000
-2931137536.0000000000000000000000000
-2884918016.0000000000000000000000000
-2839451392.0000000000000000000000000
-2794840320.0000000000000000000000000
-2750956800.0000000000000000000000000
-2707882496.0000000000000000000000000
-2665549568.0000000000000000000000000
-2624030976.0000000000000000000000000
-2583156736.0000000000000000000000000
-2543009536.0000000000000000000000000
-2486616576.0000000000000000000000000
-2410383360.0000000000000000000000000
-2336774144.0000000000000000000000000
-2265686784.0000000000000000000000000
-2197009408.0000000000000000000000000
-2130657792.0000000000000000000000000
-2066584576.0000000000000000000000000
-2004644864.0000000000000000000000000
-1944804736.0000000000000000000000000
-1886953728.0000000000000000000000000
-1831031552.0000000000000000000000000
-1776977920.0000000000000000000000000
-1724716544.0000000000000000000000000
-1674150400.0000000000000000000000000
-1625273472.0000000000000000000000000
-1577983104.0000000000000000000000000
-1532231808.0000000000000000000000000
-1487967232.0000000000000000000000000
-1445156608.0000000000000000000000000
-1403695360.0000000000000000000000000
-1363593600.0000000000000000000000000
-1324766976.0000000000000000000000000
-1287171584.0000000000000000000000000
-1250788224.0000000000000000000000000
-1215552256.0000000000000000000000000
-1181410944.0000000000000000000000000
-1148378112.0000000000000000000000000
-1116347136.0000000000000000000000000
-1085331328.0000000000000000000000000
-1055294912.0000000000000000000000000
-1026171776.0000000000000000000000000
-997954048.0000000000000000000000000
-970613248.0000000000000000000000000
-944105408.0000000000000000000000000
-918417088.0000000000000000000000000
-893498944.0000000000000000000000000
-869347648.0000000000000000000000000
-845923328.0000000000000000000000000
-823219456.0000000000000000000000000
-801181568.0000000000000000000000000
-779817728.0000000000000000000000000
-759093248.0000000000000000000000000
-738978240.0000000000000000000000000
-719465472.0000000000000000000000000
-700532736.0000000000000000000000000
-682144320.0000000000000000000000000
-664313408.0000000000000000000000000
-646998016.0000000000000000000000000
-630191872.0000000000000000000000000
-613869440.0000000000000000000000000
-598032896.0000000000000000000000000
-582644096.0000000000000000000000000
-567707584.0000000000000000000000000
-553191360.0000000000000000000000000
-539098560.0000000000000000000000000
-525404480.0000000000000000000000000
-512095840.0000000000000000000000000
-499171840.0000000000000000000000000
-486611520.0000000000000000000000000
-474408832.0000000000000000000000000
-462545184.0000000000000000000000000
-451015744.0000000000000000000000000
-439809408.0000000000000000000000000
-428914880.0000000000000000000000000
-418320896.0000000000000000000000000
-408027552.0000000000000000000000000
-398009664.0000000000000000000000000
-388272256.0000000000000000000000000
-378796160.0000000000000000000000000
-369586400.0000000000000000000000000
-360621376.0000000000000000000000000
-351908512.0000000000000000000000000
-343427328.0000000000000000000000000
-335175040.0000000000000000000000000
-327145088.0000000000000000000000000
-319333280.0000000000000000000000000
-311729248.0000000000000000000000000
-304330048.0000000000000000000000000
-297123872.0000000000000000000000000
-290111616.0000000000000000000000000
-283283264.0000000000000000000000000
-276637760.0000000000000000000000000
-270166976.0000000000000000000000000
-263862800.0000000000000000000000000
-257725952.0000000000000000000000000
-251750160.0000000000000000000000000
-245925936.0000000000000000000000000
-240257744.0000000000000000000000000
-234731040.0000000000000000000000000
-229351456.0000000000000000000000000
-224108240.0000000000000000000000000
-218999984.0000000000000000000000000
-214020368.0000000000000000000000000
-209170512.0000000000000000000000000
-204441408.0000000000000000000000000
-199833632.0000000000000000000000000
-195343808.0000000000000000000000000
-190965504.0000000000000000000000000
-186694688.0000000000000000000000000
-182535648.0000000000000000000000000
-178480560.0000000000000000000000000
-174522880.0000000000000000000000000
-170666832.0000000000000000000000000
-166904544.0000000000000000000000000
-163237056.0000000000000000000000000
-159658400.0000000000000000000000000
-156168256.0000000000000000000000000
-152762656.0000000000000000000000000
-149440544.0000000000000000000000000
-146200416.0000000000000000000000000
-143040672.0000000000000000000000000
-139954032.0000000000000000000000000
-136944576.0000000000000000000000000
-134005616.0000000000000000000000000
-131140960.0000000000000000000000000
-128341048.0000000000000000000000000
-125610240.0000000000000000000000000
-122946600.0000000000000000000000000
-120343424.0000000000000000000000000
-117803776.0000000000000000000000000
-115322208.0000000000000000000000000
-112900536.0000000000000000000000000
-110536120.0000000000000000000000000
-108226024.0000000000000000000000000
-105970768.0000000000000000000000000
-103769904.0000000000000000000000000
-101617648.0000000000000000000000000
-99517344.0000000000000000000000000
-97464128.0000000000000000000000000
-95460040.0000000000000000000000000
-93501808.0000000000000000000000000
-91588336.0000000000000000000000000
-89720088.0000000000000000000000000
-87893752.0000000000000000000000000
-86107608.0000000000000000000000000
-84363984.0000000000000000000000000
-82659592.0000000000000000000000000
-80994232.0000000000000000000000000
-79365192.0000000000000000000000000
-77773272.0000000000000000000000000
-76217608.0000000000000000000000000
-74696792.0000000000000000000000000
-73210912.0000000000000000000000000
-71756960.0000000000000000000000000
-70335992.0000000000000000000000000
-68946200.0000000000000000000000000
-67587736.0000000000000000000000000
-66258784.0000000000000000000000000
-64959148.0000000000000000000000000
-63687656.0000000000000000000000000
-62445676.0000000000000000000000000
-61230780.0000000000000000000000000
-60040684.0000000000000000000000000
-58877856.0000000000000000000000000
-57739860.0000000000000000000000000
-56626616.0000000000000000000000000
-55537588.0000000000000000000000000
-54472372.0000000000000000000000000
-53429640.0000000000000000000000000
-52409460.0000000000000000000000000
-51411128.0000000000000000000000000
-50434392.0000000000000000000000000
-49477736.0000000000000000000000000
-48542044.0000000000000000000000000
-47626260.0000000000000000000000000
-46729524.0000000000000000000000000
-45851556.0000000000000000000000000
-44992440.0000000000000000000000000
-44151444.0000000000000000000000000
-43327360.0000000000000000000000000
-42521660.0000000000000000000000000
-41731740.0000000000000000000000000
-40959212.0000000000000000000000000
-40202568.0000000000000000000000000
-39461368.0000000000000000000000000
-38735524.0000000000000000000000000
-38024916.0000000000000000000000000
-37328644.0000000000000000000000000
-36646620.0000000000000000000000000
-35978540.0000000000000000000000000
-35324792.0000000000000000000000000
-34683512.0000000000000000000000000
-34055692.0000000000000000000000000
-33440748.0000000000000000000000000
-32838242.0000000000000000000000000
-32247898.0000000000000000000000000
-31669126.0000000000000000000000000
-31102278.0000000000000000000000000
-30547550.0000000000000000000000000
-30002608.0000000000000000000000000
-29469066.0000000000000000000000000
-28946010.0000000000000000000000000
-28434268.0000000000000000000000000
-27931502.0000000000000000000000000
-27439476.0000000000000000000000000
-26956966.0000000000000000000000000
-26483912.0000000000000000000000000
-26020592.0000000000000000000000000
-25565766.0000000000000000000000000
-25120254.0000000000000000000000000
-24683132.0000000000000000000000000
-24254750.0000000000000000000000000
-23834886.0000000000000000000000000
-23422710.0000000000000000000000000
-23019026.0000000000000000000000000
-22623080.0000000000000000000000000
-22234332.0000000000000000000000000
-21853602.0000000000000000000000000
-21479960.0000000000000000000000000
-21113908.0000000000000000000000000
-20754280.0000000000000000000000000
-20401568.0000000000000000000000000
-20055482.0000000000000000000000000
-19716672.0000000000000000000000000
-19383658.0000000000000000000000000
-19057244.0000000000000000000000000
-18737222.0000000000000000000000000
-18422732.0000000000000000000000000
-18114192.0000000000000000000000000
-17811776.0000000000000000000000000
-17514792.0000000000000000000000000
-17223492.0000000000000000000000000
-16937420.0000000000000000000000000
-16657062.0000000000000000000000000
-16381809.0000000000000000000000000
-16111351.0000000000000000000000000
-15846186.0000000000000000000000000
-15585852.0000000000000000000000000
-15330283.0000000000000000000000000
-15079332.0000000000000000000000000
-14833333.0000000000000000000000000
-14591589.0000000000000000000000000
-14354268.0000000000000000000000000
-14121228.0000000000000000000000000
-13892321.0000000000000000000000000
-13668113.0000000000000000000000000
-13447588.0000000000000000000000000
-13231314.0000000000000000000000000
-13018587.0000000000000000000000000
-12809738.0000000000000000000000000
-12604854.0000000000000000000000000
-12403474.0000000000000000000000000
-12205923.0000000000000000000000000
-12011581.0000000000000000000000000
-11821050.0000000000000000000000000
-11633744.0000000000000000000000000
-11449756.0000000000000000000000000
-11269211.0000000000000000000000000
-11091607.0000000000000000000000000
-10917345.0000000000000000000000000
-10745925.0000000000000000000000000
-10577666.0000000000000000000000000
-10412303.0000000000000000000000000
-10250121.0000000000000000000000000
-10090456.0000000000000000000000000
-9933631.0000000000000000000000000
-9713346.0000000000000000000000000
-9415560.0000000000000000000000000
-9128024.0000000000000000000000000
-8850339.0000000000000000000000000
-8582068.0000000000000000000000000
-8322882.0000000000000000000000000
-8072596.0000000000000000000000000
-7830644.0000000000000000000000000
-7596893.5000000000000000000000000
-7370913.0000000000000000000000000
-7152467.0000000000000000000000000
-6941320.0000000000000000000000000
-6737174.0000000000000000000000000
-6539650.0000000000000000000000000
-6348724.5000000000000000000000000
-6163996.5000000000000000000000000
-5985280.5000000000000000000000000
-5812372.0000000000000000000000000
-5645143.0000000000000000000000000
-5483185.0000000000000000000000000
-5326537.5000000000000000000000000
-5174871.0000000000000000000000000
-5028014.0000000000000000000000000
-4885891.5000000000000000000000000
-4748251.0000000000000000000000000
-4614886.5000000000000000000000000
-4485852.0000000000000000000000000
-4360731.0000000000000000000000000
-4239575.5000000000000000000000000
-4122245.7500000000000000000000000
-4008483.5000000000000000000000000
-3898258.0000000000000000000000000
-3791458.0000000000000000000000000
-3687911.7500000000000000000000000
-3587566.7500000000000000000000000
-3490230.2500000000000000000000000
-3395889.2500000000000000000000000
-3304388.0000000000000000000000000
-3215701.0000000000000000000000000
-3129615.5000000000000000000000000
-3046163.0000000000000000000000000
-2965208.0000000000000000000000000
-2886633.7500000000000000000000000
-2810412.0000000000000000000000000
-2736456.0000000000000000000000000
-2664626.2500000000000000000000000
-2594974.2500000000000000000000000
-2527336.0000000000000000000000000
-2461687.0000000000000000000000000
-2397927.5000000000000000000000000
-2336066.0000000000000000000000000
-2275953.5000000000000000000000000
-2217607.7500000000000000000000000
-2160903.7500000000000000000000000
-2105853.7500000000000000000000000
-2052361.2500000000000000000000000
-2000374.3750000000000000000000000
-1949890.0000000000000000000000000
-1900826.2500000000000000000000000
-1853159.5000000000000000000000000
-1806817.1250000000000000000000000
-1761780.2500000000000000000000000
-1718005.5000000000000000000000000
-1675448.7500000000000000000000000
-1634066.0000000000000000000000000
-1593857.6250000000000000000000000
-1554725.2500000000000000000000000
-1516688.5000000000000000000000000
-1479672.5000000000000000000000000
-1443696.8750000000000000000000000
-1408677.2500000000000000000000000
-1374642.6250000000000000000000000
-1341513.0000000000000000000000000
-1309277.5000000000000000000000000
-1277910.5000000000000000000000000
-1247395.6250000000000000000000000
-1217692.3750000000000000000000000
-1188789.2500000000000000000000000
-1160640.1250000000000000000000000
-1133248.5000000000000000000000000
-1106575.2500000000000000000000000
-1080616.2500000000000000000000000
-1055339.7500000000000000000000000
-1030714.0625000000000000000000000
-1006742.0000000000000000000000000
-983399.0625000000000000000000000
-960648.1875000000000000000000000
-938506.8125000000000000000000000
-916918.1250000000000000000000000
-895904.1250000000000000000000000
-875422.8125000000000000000000000
-855468.6875000000000000000000000
-836017.0625000000000000000000000
-817072.3125000000000000000000000
-798599.2500000000000000000000000
-780600.1250000000000000000000000
-763061.7500000000000000000000000
-745959.0000000000000000000000000
-729276.1250000000000000000000000
-713029.8750000000000000000000000
-697189.6875000000000000000000000
-681730.0000000000000000000000000
-666667.3125000000000000000000000
-651970.8750000000000000000000000
-637644.7500000000000000000000000
-623665.6250000000000000000000000
-610032.2500000000000000000000000
-596729.1250000000000000000000000
-583752.1250000000000000000000000
-571095.3750000000000000000000000
-558752.6250000000000000000000000
-546695.4375000000000000000000000
-534939.7500000000000000000000000
-523459.4375000000000000000000000
-512269.3750000000000000000000000
-501332.2187500000000000000000000
-490665.0000000000000000000000000
-480260.1562500000000000000000000
-470091.5000000000000000000000000
-460171.0000000000000000000000000
-450477.3750000000000000000000000
-441017.7187500000000000000000000
-431781.7187500000000000000000000
-422757.9062500000000000000000000
-413948.3125000000000000000000000
-405351.1875000000000000000000000
-396943.9375000000000000000000000
-388739.6250000000000000000000000
-380719.2500000000000000000000000
-372890.7812500000000000000000000
-365241.4375000000000000000000000
-357766.9375000000000000000000000
-350469.0937500000000000000000000
-343334.9687500000000000000000000
-336357.8437500000000000000000000
-329546.8125000000000000000000000
-322889.0312500000000000000000000
-316383.7187500000000000000000000
-310020.2812500000000000000000000
-303801.8437500000000000000000000
-297725.0312500000000000000000000
-291784.3437500000000000000000000
-285980.1250000000000000000000000
-280300.6250000000000000000000000
-274749.9687500000000000000000000
-269321.0937500000000000000000000
-264014.5937500000000000000000000
-258823.3750000000000000000000000
-253746.6718750000000000000000000
-248779.9062500000000000000000000
-243928.4218750000000000000000000
-239182.7343750000000000000000000
-234533.9218750000000000000000000
-229991.6250000000000000000000000
-225546.3281250000000000000000000
-221197.7187500000000000000000000
-216943.7031250000000000000000000
-212782.7031250000000000000000000
-208709.5312500000000000000000000
-204724.4531250000000000000000000
-200824.7187500000000000000000000
-197009.3437500000000000000000000
-193272.4062500000000000000000000
-189617.3593750000000000000000000
-186040.0781250000000000000000000
-182537.2031250000000000000000000
-179107.6406250000000000000000000
-175751.7187500000000000000000000
-172466.5781250000000000000000000
-169247.5000000000000000000000000
-166100.2343750000000000000000000
-163014.6093750000000000000000000
-159996.9218750000000000000000000
-157041.2812500000000000000000000
-154145.9687500000000000000000000
-151310.6406250000000000000000000
-148534.8281250000000000000000000
-145815.0156250000000000000000000
-143150.8593750000000000000000000
-140541.1718750000000000000000000
-137987.4687500000000000000000000
-135482.4687500000000000000000000
-133030.0468750000000000000000000
-130627.9218750000000000000000000
-128274.3828125000000000000000000
-125968.3515625000000000000000000
-123707.5234375000000000000000000
-121493.2734375000000000000000000
-119326.3671875000000000000000000
-117197.6875000000000000000000000
-115113.5390625000000000000000000
-113070.3515625000000000000000000
-111071.3593750000000000000000000
-109107.4296875000000000000000000
-107185.4531250000000000000000000
-105300.6484375000000000000000000
-103452.7812500000000000000000000
-101642.9375000000000000000000000
-99866.2734375000000000000000000
-98125.9921875000000000000000000
-96418.4843750000000000000000000
-94745.1171875000000000000000000
-93105.0234375000000000000000000
-91494.9609375000000000000000000
-89918.0703125000000000000000000
-88371.4062500000000000000000000
-86852.8593750000000000000000000
-85365.6328125000000000000000000
-83906.0937500000000000000000000
-82476.2031250000000000000000000
-81071.4062500000000000000000000
-79693.6250000000000000000000000
-78341.7265625000000000000000000
-77018.2500000000000000000000000
-75717.4140625000000000000000000
-74442.3593750000000000000000000
-73192.2734375000000000000000000
-71963.7968750000000000000000000
-70758.5625000000000000000000000
-69577.2500000000000000000000000
-68417.1562500000000000000000000
-67279.2656250000000000000000000
-66161.7968750000000000000000000
-65066.6484375000000000000000000
-63991.4414062500000000000000000
-62934.9648437500000000000000000
-61899.1640625000000000000000000
-60882.2343750000000000000000000
-59883.9179687500000000000000000
-58903.6406250000000000000000000
-57942.7070312500000000000000000
-56998.3945312500000000000000000
-56071.3593750000000000000000000
-55161.0468750000000000000000000
-54266.8789062500000000000000000
-53391.0664062500000000000000000
-52529.6406250000000000000000000
-51684.8203125000000000000000000
-50853.8554687500000000000000000
-50038.0390625000000000000000000
-49237.7109375000000000000000000
-48451.0703125000000000000000000
-47679.3867187500000000000000000
-46920.2382812500000000000000000
-46175.9765625000000000000000000
-45444.3125000000000000000000000
-44725.6093750000000000000000000
-44020.3554687500000000000000000
-43326.5898437500000000000000000
-42645.8789062500000000000000000
-41976.2695312500000000000000000
-41319.0078125000000000000000000
-40673.0585937500000000000000000
-40039.5351562500000000000000000
-39415.8437500000000000000000000
-38803.2460937500000000000000000
-37942.7578125000000000000000000
-36779.5312500000000000000000000
-35656.3437500000000000000000000
-34571.6367187500000000000000000
-33523.7031250000000000000000000
-32511.2578125000000000000000000
-31533.5781250000000000000000000
-30588.4531250000000000000000000
-29675.3652343750000000000000000
-28792.6289062500000000000000000
-27939.3242187500000000000000000
-27114.5312500000000000000000000
-26317.0859375000000000000000000
-25545.5078125000000000000000000
-24799.7050781250000000000000000
-24078.1113281250000000000000000
-23380.0019531250000000000000000
-22704.5781250000000000000000000
-22051.3398437500000000000000000
-21418.6914062500000000000000000
-20806.7871093750000000000000000
-20214.3398437500000000000000000
-19640.6796875000000000000000000
-19085.5136718750000000000000000
-18547.8554687500000000000000000
-18026.9003906250000000000000000
-17522.8593750000000000000000000
-17034.1054687500000000000000000
-16560.8417968750000000000000000
-16102.5224609375000000000000000
-15658.1386718750000000000000000
-15227.5703125000000000000000000
-14810.3828125000000000000000000
-14405.9052734375000000000000000
-14013.9326171875000000000000000
-13633.7119140625000000000000000
-13265.1923828125000000000000000
-12907.7656250000000000000000000
-12561.3320312500000000000000000
-12225.0605468750000000000000000
-11899.0742187500000000000000000
-11582.8437500000000000000000000
-11275.9130859375000000000000000
-10978.1718750000000000000000000
-10689.2812500000000000000000000
-10408.6962890625000000000000000
-10136.6181640625000000000000000
-9872.4062500000000000000000000
-9615.9648437500000000000000000
-9366.9042968750000000000000000
-9125.2578125000000000000000000
-8890.4433593750000000000000000
-8662.5302734375000000000000000
-8441.0302734375000000000000000
-8225.9912109375000000000000000
-8017.0361328125000000000000000
-7813.9624023437500000000000000
-7616.7578125000000000000000000
-7425.1025390625000000000000000
-7238.9042968750000000000000000
-7057.8793945312500000000000000
-6881.9541015625000000000000000
-6710.9589843750000000000000000
-6544.7216796875000000000000000
-6383.0703125000000000000000000
-6226.0063476562500000000000000
-6073.1455078125000000000000000
-5924.5644531250000000000000000
-5779.9707031250000000000000000
-5639.4409179687500000000000000
-5502.6455078125000000000000000
-5369.6977539062500000000000000
-5240.2851562500000000000000000
-5114.3652343750000000000000000
-4991.8378906250000000000000000
-4872.6391601562500000000000000
-4756.6108398437500000000000000
-4643.7080078125000000000000000
-4533.7504882812500000000000000
-4426.7519531250000000000000000
-4322.5595703125000000000000000
-4221.1572265625000000000000000
-4122.4208984375000000000000000
-4026.2268066406250000000000000
-3932.5859375000000000000000000
-3841.4025878906250000000000000
-3752.5319824218750000000000000
-3666.0422363281250000000000000
-3581.7114257812500000000000000
-3499.6254882812500000000000000
-3419.6203613281250000000000000
-3341.6745605468750000000000000
-3265.6916503906250000000000000
-3191.6887207031250000000000000
-3119.5283203125000000000000000
-3049.2192382812500000000000000
-2980.7099609375000000000000000
-2913.9023437500000000000000000
-2848.7348632812500000000000000
-2785.2729492187500000000000000
-2723.3972167968750000000000000
-2663.0078125000000000000000000
-2604.1691894531250000000000000
-2546.7612304687500000000000000
-2490.7998046875000000000000000
-2436.1938476562500000000000000
-2382.9384765625000000000000000
-2330.9731445312500000000000000
-2280.2817382812500000000000000
-2230.8413085937500000000000000
-2182.6274414062500000000000000
-2135.5290527343750000000000000
-2089.6083984375000000000000000
-2044.7634277343750000000000000
-2001.0522460937500000000000000
-1958.3289794921875000000000000
-1916.6601562500000000000000000
-1876.0162353515625000000000000
-1836.2949218750000000000000000
-1797.5429687500000000000000000
-1759.6772460937500000000000000
-1722.7254638671875000000000000
-1686.6473388671875000000000000
-1651.3980712890625000000000000
-1616.9855957031250000000000000
-1583.4030761718750000000000000
-1550.5622558593750000000000000
-1518.5141601562500000000000000
-1487.1845703125000000000000000
-1456.6046142578125000000000000
-1426.7243652343750000000000000
-1397.5270996093750000000000000
-1369.0198974609375000000000000
-1341.1522216796875000000000000
-1313.8978271484375000000000000
-1287.2922363281250000000000000
-1261.2852783203125000000000000
-1235.8739013671875000000000000
-1211.0167236328125000000000000
-1186.7259521484375000000000000
-1162.9884033203125000000000000
-1139.7825927734375000000000000
-1117.1098632812500000000000000
-1094.9243164062500000000000000
-1073.2420654296875000000000000
-1052.0355224609375000000000000
-1031.3070068359375000000000000
-1011.0288085937500000000000000
-991.1979370117187500000000000
-971.7965087890625000000000000
-952.8453979492187500000000000
-934.3075561523437500000000000
-916.1481323242187500000000000
-898.4047851562500000000000000
-881.0403442382812500000000000
-864.0535888671875000000000000
-847.4363403320312500000000000
-831.1824340820312500000000000
-815.2716064453125000000000000
-799.7048950195312500000000000
-784.4715576171875000000000000
-769.5677490234375000000000000
-754.9703369140625000000000000
-740.6928100585937500000000000
-726.7190551757812500000000000
-713.0359497070312500000000000
-699.6392211914062500000000000
-686.5301513671875000000000000
-673.6975708007812500000000000
-661.1230468750000000000000000
-648.8290405273437500000000000
-636.7758178710937500000000000
-624.9879760742187500000000000
-613.4425048828125000000000000
-602.1326904296875000000000000
-591.0571899414062500000000000
-580.2141723632812500000000000
-569.5899047851562500000000000
-559.1830444335937500000000000
-548.9889526367187500000000000
-539.0135498046875000000000000
-529.2283935546875000000000000
-519.6486206054687500000000000
-510.2653198242187500000000000
-501.0718078613281250000000000
-492.0638732910156250000000000
-483.2325134277343750000000000
-474.5830993652343750000000000
-466.1186218261718750000000000
-457.8034667968750000000000000
-449.6622619628906250000000000
-441.6810607910156250000000000
-433.8724975585937500000000000
-426.2008972167968750000000000
-418.6931762695312500000000000
-411.3306579589843750000000000
-404.1124267578125000000000000
-397.0427246093750000000000000
-390.1026306152343750000000000
-383.3046569824218750000000000
-376.6347045898437500000000000
-370.0981140136718750000000000
-363.6914978027343750000000000
-357.4021911621093750000000000
-351.2424621582031250000000000
-345.2008056640625000000000000
-339.2689819335937500000000000
-333.4595031738281250000000000
-327.7581787109375000000000000
-322.1726684570312500000000000
-316.6851806640625000000000000
-311.3032226562500000000000000
-306.0223693847656250000000000
-300.8525390625000000000000000
-295.7711486816406250000000000
-290.7904663085937500000000000
-285.9073181152343750000000000
-281.1085815429687500000000000
-276.4006347656250000000000000
-271.7861328125000000000000000
-267.2545166015625000000000000
-262.8096313476562500000000000
-258.4445190429687500000000000
-254.1665954589843750000000000
-249.9665679931640625000000000
-245.8397064208984375000000000
-241.7936096191406250000000000
-237.8212280273437500000000000
-233.9215545654296875000000000
-230.0923461914062500000000000
-226.3386993408203125000000000
-222.6499786376953125000000000
-219.0287475585937500000000000
-215.4728393554687500000000000
-211.9799957275390625000000000
-208.5588531494140625000000000
-205.1939086914062500000000000
-201.8938293457031250000000000
-198.6478729248046875000000000
-195.4610900878906250000000000
-192.3348083496093750000000000
-189.2619934082031250000000000
-186.2476043701171875000000000
-183.2821807861328125000000000
-180.3749084472656250000000000
-177.5168457031250000000000000
-174.7094116210937500000000000
-171.9545135498046875000000000
-169.2444915771484375000000000
-166.5854644775390625000000000
-163.9698028564453125000000000
-161.4023742675781250000000000
-158.8791351318359375000000000
-156.4044342041015625000000000
-153.9681396484375000000000000
-151.5751800537109375000000000
-148.2138977050781250000000000
-143.6700439453125000000000000
-139.2825927734375000000000000
-135.0454559326171875000000000
-130.9519653320312500000000000
-126.9971008300781250000000000
-123.1780395507812500000000000
-119.4861450195312500000000000
-115.9193954467773437500000000
-112.4712066650390625000000000
-109.1379852294921875000000000
-105.9161376953125000000000000
-102.8011169433593750000000000
-99.7871398925781250000000000
-96.8738479614257812500000000
-94.0551223754882812500000000
-91.3281326293945312500000000
-88.6897583007812500000000000
-86.1380462646484375000000000
-83.6667633056640625000000000
-81.2765121459960937500000000
-78.9622650146484375000000000
-76.7214050292968750000000000
-74.5527877807617187500000000
-72.4525604248046875000000000
-70.4175796508789062500000000
-68.4486694335937500000000000
-66.5394744873046875000000000
-64.6907882690429687500000000
-62.9004783630371093750000000
-61.1646041870117187500000000
-59.4826965332031250000000000
-57.8530578613281250000000000
-56.2730674743652343750000000
-54.7419242858886718750000000
-53.2566871643066406250000000
-51.8171577453613281250000000
-50.4209594726562500000000000
-49.0677032470703125000000000
-47.7541427612304687500000000
-46.4807586669921875000000000
-45.2454833984375000000000000
-44.0465354919433593750000000
-42.8834838867187500000000000
-41.7550048828125000000000000
-40.6589698791503906250000000
-39.5961647033691406250000000
-38.5640869140625000000000000
-37.5623626708984375000000000
-36.5894699096679687500000000
-35.6455383300781250000000000
-34.7282943725585937500000000
-33.8380088806152343750000000
-32.9727745056152343750000000
-32.1327781677246093750000000
-31.3165473937988281250000000
-30.5232906341552734375000000
-29.7529602050781250000000000
-29.0043067932128906250000000
-28.2769699096679687500000000
-27.5698413848876953125000000
-26.8826332092285156250000000
-26.2146835327148437500000000
-25.5653190612792968750000000
-24.9338684082031250000000000
-24.3203372955322265625000000
-23.7232246398925781250000000
-23.1428298950195312500000000
-22.5780105590820312500000000
-22.0290660858154296875000000
-21.4947090148925781250000000
-20.9753818511962890625000000
-20.4698638916015625000000000
-19.9779891967773437500000000
-19.4993667602539062500000000
-19.0337467193603515625000000
-18.5805110931396484375000000
-18.1394844055175781250000000
-17.7099628448486328125000000
-17.2919998168945312500000000
-16.8849983215332031250000000
-16.4888954162597656250000000
-16.1032066345214843750000000
-15.7274484634399414062500000
-15.3616638183593750000000000
-15.0054788589477539062500000
-14.6583280563354492187500000
-14.3204774856567382812500000
-13.9910602569580078125000000
-13.6704120635986328125000000
-13.3578920364379882812500000
-13.0534162521362304687500000
-12.7566080093383789062500000
-12.4675340652465820312500000
-12.1856575012207031250000000
-11.9110126495361328125000000
-11.6433982849121093750000000
-11.3824310302734375000000000
-11.1278705596923828125000000
-10.8799724578857421875000000
-10.6382703781127929687500000
-10.4023742675781250000000000
-10.1725358963012695312500000
-9.9482860565185546875000000
-9.7296867370605468750000000
-9.5163822174072265625000000
-9.3083534240722656250000000
-9.1053638458251953125000000
-8.9073505401611328125000000
-8.7142238616943359375000000
-8.5258884429931640625000000
-8.3419103622436523437500000
-8.1625328063964843750000000
-7.9873571395874023437500000
-7.8166103363037109375000000
-7.6497225761413574218750000
-7.4869537353515625000000000
-7.3281884193420410156250000
-7.1730270385742187500000000
-7.0216522216796875000000000
-6.8737392425537109375000000
-6.7293963432312011718750000
-6.5884661674499511718750000
-6.4507737159729003906250000
-6.3163499832153320312500000
-6.1851682662963867187500000
-6.0568838119506835937500000
-5.9316959381103515625000000
-5.8093147277832031250000000
-5.6898617744445800781250000
-5.5731420516967773437500000
-5.4590902328491210937500000
-5.3477339744567871093750000
-5.2388758659362792968750000
-5.1324133872985839843750000
-5.0284852981567382812500000
-4.9268956184387207031250000
-4.8276324272155761718750000
-4.7305340766906738281250000
-4.6356482505798339843750000
-4.5429234504699707031250000
-4.4522757530212402343750000
-4.3637104034423828125000000
-4.2770481109619140625000000
-4.1923518180847167968750000
-4.1095137596130371093750000
-4.0285429954528808593750000
-3.9493312835693359375000000
-3.8718669414520263671875000
-3.7960801124572753906250000
-3.7220523357391357421875000
-3.6496388912200927734375000
-3.5787036418914794921875000
-3.5093936920166015625000000
-3.4415638446807861328125000
-3.3752093315124511718750000
-3.3102982044219970703125000
-3.2468063831329345703125000
-3.1846547126770019531250000
-3.1238472461700439453125000
-3.0643420219421386718750000
-3.0061240196228027343750000
-2.9491028785705566406250000
-2.8933312892913818359375000
-2.8387463092803955078125000
-2.7852966785430908203125000
-2.7329657077789306640625000
-2.6817584037780761718750000
-2.6316311359405517578125000
-2.5825119018554687500000000
-2.5344884395599365234375000
-2.4874055385589599609375000
-2.4413592815399169921875000
-2.3962597846984863281250000
-2.3520808219909667968750000
-2.3088171482086181640625000
-2.2664616107940673828125000
-2.2249605655670166015625000
-2.1843087673187255859375000
-2.1444880962371826171875000
-2.1055216789245605468750000
-2.0672984123229980468750000
-2.0298774242401123046875000
-1.9932239055633544921875000
-1.9573117494583129882812500
-1.9221245050430297851562500
-1.8876270055770874023437500
-1.8538402318954467773437500
-1.8207758665084838867187500
-1.7882947921752929687500000
-1.7564932107925415039062500
-1.7253166437149047851562500
-1.6948144435882568359375000
-1.6648472547531127929687500
-1.6355202198028564453125000
-1.6067603826522827148437500
-1.5785641670227050781250000
-1.5509481430053710937500000
-1.5238384008407592773437500
-1.4972838163375854492187500
-1.4712293148040771484375000
-1.4456957578659057617187500
-1.4206699132919311523437500
-1.3961023092269897460937500
-1.3720408678054809570312500
-1.3484406471252441406250000
-1.3252694606781005859375000
-1.3025761842727661132812500
-1.2803053855895996093750000
-1.2584869861602783203125000
-1.2370514869689941406250000
-1.2160282135009765625000000
-1.1953998804092407226562500
-1.1752052307128906250000000
-1.1553560495376586914062500
-1.1359002590179443359375000
-1.1168254613876342773437500
-1.0980803966522216796875000
-1.0796899795532226562500000
-1.0616645812988281250000000
-1.0439629554748535156250000
-1.0266001224517822265625000
-1.0095489025115966796875000
-0.9928382635116577148437500
-0.9764319062232971191406250
-0.9603113532066345214843750
-0.9445062875747680664062500
-0.9289891719818115234375000
-0.9137560725212097167968750
-0.8987982273101806640625000
-0.8841355443000793457031250
-0.8697264790534973144531250
-0.8555810451507568359375000
-0.8416907787322998046875000
-0.8280468583106994628906250
-0.8146830201148986816406250
-0.8015387058258056640625000
-0.7886477708816528320312500
-0.7759682536125183105468750
-0.7635198831558227539062500
-0.7513078451156616210937500
-0.7393046617507934570312500
-0.7275297045707702636718750
-0.7159460186958312988281250
-0.7045894861221313476562500
-0.6934251785278320312500000
-0.6824586391448974609375000
-0.6716973185539245605468750
-0.6611112952232360839843750
-0.6507244706153869628906250
-0.6405070424079895019531250
-0.6304780244827270507812500
-0.6206216216087341308593750
-0.6109548211097717285156250
-0.6014380455017089843750000
-0.5920905470848083496093750
-0.5789605379104614257812500
-0.5612111091613769531250000
-0.5440726280212402343750000
-0.5275213122367858886718750
-0.5115311145782470703125000
-0.4960824251174926757812500
-0.4811642169952392578125000
-0.4667427539825439453125000
-0.4528101384639739990234375
-0.4393406510353088378906250
-0.4263202548027038574218750
-0.4137349128723144531250000
-0.4015668630599975585937500
-0.3897935152053833007812500
-0.3784134685993194580078125
-0.3674028217792510986328125
-0.3567505180835723876953125
-0.3464443683624267578125000
-0.3364767432212829589843750
-0.3268232941627502441406250
-0.3174863755702972412109375
-0.3084463477134704589843750
-0.2996929883956909179687500
-0.2912218272686004638671875
-0.2830178141593933105468750
-0.2750686705112457275390625
-0.2673776149749755859375000
-0.2599198222160339355468750
-0.2526983916759490966796875
-0.2457049936056137084960938
-0.2389242351055145263671875
-0.2323542833328247070312500
-0.2259885072708129882812500
-0.2198166698217391967773438
-0.2138356417417526245117188
-0.2080339342355728149414063
-0.2024107724428176879882813
-0.1969568729400634765625000
-0.1916707158088684082031250
-0.1865396201610565185546875
-0.1815654635429382324218750
-0.1767401695251464843750000
-0.1720567792654037475585938
-0.1675136089324951171875000
-0.1631054878234863281250000
-0.1588241010904312133789063
-0.1546725183725357055664063
-0.1506409645080566406250000
-0.1467279791831970214843750
-0.1429276168346405029296875
-0.1392403841018676757812500
-0.1356573998928070068359375
-0.1321797221899032592773438
-0.1287999004125595092773438
-0.1255186647176742553710938
-0.1223302632570266723632813
-0.1192316040396690368652344
-0.1162225008010864257812500
-0.1132980734109878540039063
-0.1104569137096405029296875
-0.1076946929097175598144531
-0.1050102859735488891601563
-0.1024011075496673583984375
-0.0998645275831222534179688
-0.0973979234695434570312500
-0.0950013175606727600097656
-0.0926688462495803833007813
-0.0904016792774200439453125
-0.0881953537464141845703125
-0.0860510393977165222167969
-0.0839637070894241333007813
-0.0819350853562355041503906
-0.0799604058265686035156250
-0.0780390202999114990234375
-0.0761694014072418212890625
-0.0743505731225013732910156
-0.0725801214575767517089844
-0.0708573609590530395507813
-0.0691795423626899719238281
-0.0675468742847442626953125
-0.0659570246934890747070313
-0.0644097477197647094726563
-0.0629031509160995483398438
-0.0614353455603122711181641
-0.0600064992904663085937500
-0.0586151517927646636962891
-0.0572590939700603485107422
-0.0559393651783466339111328
-0.0546525791287422180175781
-0.0534000471234321594238281
-0.0521792657673358917236328
-0.0509899072349071502685547
-0.0498305000364780426025391
-0.0487013049423694610595703
-0.0476002246141433715820313
-0.0465273931622505187988281
-0.0454820245504379272460938
-0.0444626212120056152343750
-0.0434682443737983703613281
-0.0424998924136161804199219
-0.0415557436645030975341797
-0.0406342744827270507812500
-0.0397364683449268341064453
-0.0388604924082756042480469
-0.0380065888166427612304688
-0.0371733680367469787597656
-0.0363607555627822875976563
-0.0355678275227546691894531
-0.0347943380475044250488281
-0.0340399369597434997558594
-0.0333042517304420471191406
-0.0325855873525142669677734
-0.0318848937749862670898438
-0.0312006138265132904052734
-0.0305336341261863708496094
-0.0298817288130521774291992
-0.0292459130287170410156250
-0.0286257360130548477172852
-0.0280196368694305419921875
-0.0274283289909362792968750
-0.0268505439162254333496094
-0.0262867044657468795776367
-0.0257361959666013717651367
-0.0251983348280191421508789
-0.0246732421219348907470703
-0.0241608135402202606201172
-0.0236597023904323577880859
-0.0231706872582435607910156
-0.0226926356554031372070313
-0.0222260225564241409301758
-0.0217700861394405364990234
-0.0213245712220668792724609
-0.0208895858377218246459961
-0.0204643588513135910034180
-0.0200484897941350936889648
-0.0196425206959247589111328
-0.0192456860095262527465820
-0.0188579391688108444213867
-0.0184786487370729446411133
-0.0181080009788274765014648
-0.0177457947283983230590820
-0.0173917021602392196655273
-0.0170457437634468078613281
-0.0167072191834449768066406
-0.0163763742893934249877930
-0.0160527881234884262084961
-0.0157364960759878158569336
-0.0154270753264427185058594
-0.0151244802400469779968262
-0.0148284379392862319946289
-0.0145392669364809989929199
-0.0142564019188284873962402
-0.0139793111011385917663574
-0.0137085691094398498535156
-0.0134436087682843208312988
-0.0131844114512205123901367
-0.0129308523610234260559082
-0.0126828374341130256652832
-0.0124400574713945388793945
-0.0122025283053517341613770
-0.0119700860232114791870117
-0.0117426719516515731811523
-0.0115199331194162368774414
-0.0113020753487944602966309
-0.0110888527706265449523926
-0.0108800651505589485168457
-0.0106756472960114479064941
-0.0104756187647581100463867
-0.0102798091247677803039551
-0.0100879371166229248046875
-0.0099003454670310020446777
-0.0097164278849959373474121
-0.0095365596935153007507324
-0.0093603897839784622192383
-0.0091878157109022140502930
-0.0090188169851899147033691
-0.0088533656671643257141113
-0.0086912522092461585998535
-0.0085324561223387718200684
-0.0083769066259264945983887
-0.0082246940582990646362305
-0.0080753844231367111206055
-0.0079292086884379386901855
-0.0077860308811068534851074
-0.0076457490213215351104736
-0.0075082988478243350982666
-0.0073735429905354976654053
-0.0072415634058415889739990
-0.0071124057285487651824951
-0.0069855265319347381591797
-0.0068613016046583652496338
-0.0067395181395113468170166
-0.0066203689202666282653809
-0.0065033095888793468475342
-0.0063887508586049079895020
-0.0062764077447354793548584
-0.0061662662774324417114258
-0.0060583911836147308349609
-0.0059524937532842159271240
-0.0058487649075686931610107
-0.0057469895109534263610840
-0.0056472490541636943817139
-0.0055494918487966060638428
-0.0054535246454179286956787
-0.0053595346398651599884033
-0.0052673462778329849243164
-0.0051768338307738304138184
-0.0050881882198154926300049
-0.0050011929124593734741211
-0.0049159647896885871887207
-0.0048322323709726333618164
-0.0047501102089881896972656
-0.0046695307828485965728760
-0.0045906454324722290039063
-0.0045131095685064792633057
-0.0044371103867888450622559
-0.0043625994585454463958740
-0.0042893765494227409362793
-0.0042175389826297760009766
-0.0041471272706985473632813
-0.0040779802948236465454102
-0.0040101567283272743225098
-0.0039435504004359245300293
-0.0038782744668424129486084
-0.0038141871336847543716431
-0.0037512162234634160995483
-0.0036894776858389377593994
-0.0036288639530539512634277
-0.0035693596582859754562378
-0.0035109305754303932189941
-0.0034536544699221849441528
-0.0033973690588027238845825
-0.0033421134576201438903809
-0.0032878546044230461120605
-0.0032345580402761697769165
-0.0031823555473238229751587
-0.0031310105696320533752441
-0.0030806553550064563751221
-0.0030311259906738996505737
-0.0029824995435774326324463
-0.0029347962699830532073975
-0.0028879088349640369415283
-0.0028419129084795713424683
-0.0027966641355305910110474
-0.0027523026801645755767822
-0.0027086921036243438720703
-0.0026658540591597557067871
-0.0026238176506012678146362
-0.0025824659969657659530640
-0.0025418924633413553237915
-0.0025019806344062089920044
-0.0024628047831356525421143
-0.0024243032094091176986694
-0.0023865422699600458145142
-0.0023493673652410507202148
-0.0023128536995500326156616
-0.0022615646012127399444580
-0.0021922308951616287231445
-0.0021252837032079696655273
-0.0020606301259249448776245
-0.0019981684163212776184082
-0.0019378219731152057647705
-0.0018795477226376533508301
-0.0018232138827443122863770
-0.0017687896033748984336853
-0.0017161744181066751480103
-0.0016653134953230619430542
-0.0016161520034074783325195
-0.0015686205588281154632568
-0.0015226309187710285186768
-0.0014781776117160916328430
-0.0014351672725751996040344
-0.0013935567112639546394348
-0.0013532983139157295227051
-0.0013143622782081365585327
-0.0012766534928232431411743
-0.0012401811545714735984802
-0.0012048685457557439804077
-0.0011706757359206676483154
-0.0011375852627679705619812
-0.0011055383365601301193237
-0.0010744869941845536231995
-0.0010444438084959983825684
-0.0010153118055313825607300
-0.0009871030924841761589050
-0.0009597851312719285488129
-0.0009332977933809161186218
-0.0009076339192688465118408
-0.0008827676065266132354736
-0.0008586588664911687374115
-0.0008352954755537211894989
-0.0008126325556077063083649
-0.0007906670798547565937042
-0.0007693627849221229553223
-0.0007487137336283922195435
-0.0007286703912541270256042
-0.0007092400919646024703979
-0.0006903912872076034545898
-0.0006720967940054833889008
-0.0006543500348925590515137
-0.0006371308118104934692383
-0.0006204066448844969272614
-0.0006041895248927175998688
-0.0005884412676095962524414
-0.0005731561686843633651733
-0.0005583110032603144645691
-0.0005439077503979206085205
-0.0005299117183312773704529
-0.0005163270398043096065521
-0.0005031246109865605831146
-0.0004903072840534150600433
-0.0004778525908477604389191
-0.0004657484532799571752548
-0.0004539941437542438507080
-0.0004425705992616713047028
-0.0004314723191782832145691
-0.0004206823941785842180252
-0.0004101964295841753482819
-0.0004000043263658881187439
-0.0003900958108715713024139
-0.0003804606385529041290283
-0.0003710988967213779687881
-0.0003619876806624233722687
-0.0003531315596774220466614
-0.0003445131005719304084778
-0.0003361368726473301649094
-0.0003279832308180630207062
-0.0003200589271727949380875
-0.0003123453352600336074829
-0.0003048399230465292930603
-0.0002975367242470383644104
-0.0002904319262597709894180
-0.0002835160994436591863632
-0.0002767865662463009357452
-0.0002702325873542577028275
-0.0002638549776747822761536
-0.0002576446277089416980743
-0.0002516005770303308963776
-0.0002457154332660138607025
-0.0002399818185949698090553
-0.0002344003878533840179443
-0.0002289654366904869675636
-0.0002236683358205482363701
-0.0002185131452279165387154
-0.0002134866372216492891312
-0.0002085939340759068727493
-0.0002038252569036558270454
-0.0001991793251363560557365
-0.0001946503907674923539162
-0.0001902394724311307072639
-0.0001859383773989975452423
-0.0001817476295400410890579
-0.0001776641584001481533051
-0.0001736821141093969345093
-0.0001697978295851498842239
-0.0001660152047406882047653
-0.0001623271236894652247429
-0.0001587276346981525421143
-0.0001552205794723704457283
-0.0001517987984698265790939
-0.0001484632375650107860565
-0.0001452084688935428857803
-0.0001420342014171183109283
-0.0001389368262607604265213
-0.0001359153829980641603470
-0.0001329685037489980459213
-0.0001300947333220392465591
-0.0001272874505957588553429
-0.0001245503663085401058197
-0.0001218773977598175406456
-0.0001192720083054155111313
-0.0001167255031759850680828
-0.0001142418477684259414673
-0.0001118192813009954988956
-0.0001094517065212130546570
-0.0001071419101208448410034
-0.0001048849371727555990219
-0.0001026824393193237483501
-0.0001005320154945366084576
-0.0000984309954219497740269
-0.0000963798520388081669807
-0.0000943781778914853930473
-0.0000924207124626263976097
-0.0000905104971025139093399
-0.0000886431080289185047150
-0.0000868204006110318005085
-0.0000850393989821895956993
-0.0000832991063361987471581
-0.0000815999446786008775234
-0.0000799389017629437148571
-0.0000783144132583402097225
-0.0000767285964684560894966
-0.0000751784609747119247913
-0.0000736638248781673610210
-0.0000721822216291911900043
-0.0000707343788235448300838
-0.0000693195106578059494495
-0.0000679363365634344518185
-0.0000665849365759640932083
-0.0000652625749353319406509
-0.0000639702120679430663586
-0.0000627062036073766648769
-0.0000614706877968274056911
-0.0000602620129939168691635
-0.0000590800009376835078001
-0.0000579235857003368437290
-0.0000567940114706289023161
-0.0000556890699954237788916
-0.0000546066839888226240873
-0.0000535490980837494134903
-0.0000525140967511106282473
-0.0000515016072313301265240
-0.0000505111420352477580309
-0.0000495423337270040065050
-0.0000485939744976349174976
-0.0000476661261927802115679
-0.0000467581485281698405743
-0.0000458698123111389577389
-0.0000449997387477196753025
-0.0000441487318312283605337
-0.0000433158311352599412203
-0.0000425002544943708926439
-0.0000417017472500447183847
-0.0000409203857998363673687
-0.0000401555043936241418123
-0.0000394060043618083000183
-0.0000386732244805898517370
-0.0000379547964257653802633
-0.0000372521863027941435575
-0.0000365640225936658680439
-0.0000358899051207117736340
-0.0000352297538483981043100
-0.0000345834596373606473207
-0.0000339502039423678070307
-0.0000333299067278858274221
-0.0000327222915075253695250
-0.0000321277111652307212353
-0.0000315444704028777778149
-0.0000309734714392106980085
-0.0000304141831293236464262
-0.0000298662071145372465253
-0.0000293292923743138089776
-0.0000288029023067792877555
-0.0000282873570540687069297
-0.0000277828348771436139941
-0.0000272872130153700709343
-0.0000268019593931967392564
-0.0000263262427324661985040
-0.0000258608160947915166616
-0.0000254035530815599486232
-0.0000249560580414254218340
-0.0000245172177528729662299
-0.0000240869776462204754353
-0.0000236655905609950423241
-0.0000232519287237664684653
-0.0000228467379201902076602
-0.0000224491777771618217230
-0.0000220595666178269311786
-0.0000216777025343617424369
-0.0000213028306461637839675
-0.0000209356821869732812047
-0.0000205755713977850973606
-0.0000202220071514602750540
-0.0000198757352336542680860
-0.0000195359098142944276333
-0.0000192029874597210437059
-0.0000188759076991118490696
-0.0000185551180038601160049
-0.0000182403546205023303628
-0.0000179322087205946445465
-0.0000176293342519784346223
-0.0000173324624483939260244
-0.0000170414041349431499839
-0.0000167553771461825817823
-0.0000164747616508975625038
-0.0000161997159011662006378
-0.0000159296105266548693180
-0.0000156646747200284153223
-0.0000154044937517028301954
-0.0000151495096361031755805
-0.0000148991684909560717642
-0.0000146531883729039691389
-0.0000144120222103083506227
-0.0000141752498166169971228
-0.0000139428111651795916259
-0.0000137145725602749735117
-0.0000134908377731335349381
-0.0000132709728859481401742
-0.0000130551306938286870718
-0.0000128431820485275238752
-0.0000126349923448287881911
-0.0000124310763567336834967
-0.0000122305100376252084970
-0.0000120338099804939702153
-0.0000118403359010699205101
-0.0000116503888420993462205
-0.0000114640479296213015914
-0.0000112808938865782693028
-0.0000111012222987483255565
-0.0000109244692794163711369
-0.0000107511823443928733468
-0.0000105808285297825932503
-0.0000104134924185927957296
-0.0000102492876976612024009
-0.0000100877578006475232542
-0.0000099292674349271692336
-0.0000097733618531492538750
-0.0000096203311841236427426
-0.0000094699344117543660104
-0.0000093224307420314289629
-0.0000091772162704728543758
-0.0000090345847638673149049
-0.0000088342367234872654080
-0.0000085634019342251121998
-0.0000083018894656561315060
-0.0000080493364293943159282
-0.0000078053453762549906969
-0.0000075696170824812725186
-0.0000073419832915533334017
-0.0000071219292294699698687
-0.0000069093343881831970066
-0.0000067038063207291997969
-0.0000065051308411057107151
-0.0000063130937633104622364
-0.0000061274240579223260283
-0.0000059477770264493301511
-0.0000057741312957659829408
-0.0000056061221584968734533
-0.0000054435809033748228103
-0.0000052863215387333184481
-0.0000051342276492505334318
-0.0000049869277063407935202
-0.0000048444576350448187441
-0.0000047065177568583749235
-0.0000045729520934401080012
-0.0000044436924326873850077
-0.0000043185091271880082786
-0.0000041972148210334125906
-0.0000040798586269374936819
-0.0000039660617403569631279
-0.0000038558714550163131207
-0.0000037491606690309708938
-0.0000036456945053942035884
-0.0000035454449971439316869
-0.0000034483109629945829511
-0.0000033541361972311278805
-0.0000032628729513817233965
-0.0000031743459203426027671
-0.0000030885432806826429442
-0.0000030053233786020427942
-0.0000029246630219859071076
-0.0000028463687158364336938
-0.0000027704691092367284000
-0.0000026968409656547009945
-0.0000026253781015839194879
-0.0000025560548237990587950
-0.0000024887922336347401142
-0.0000024234634565800661221
-0.0000023601153316121781245
-0.0000022985987015999853611
-0.0000022388912839232943952
-0.0000021809023564856033772
-0.0000021246396499918773770
-0.0000020699676497315522283
-0.0000020169024992355844006
-0.0000019653305116662522778
-0.0000019152628283336525783
-0.0000018666116829990642145
-0.0000018193298956248327158
-0.0000017734146240400150418
-0.0000017287914033659035340
-0.0000016854387467901688069
-0.0000016432906022600946017
-0.0000016023298030631849542
-0.0000015625168998667504638
-0.0000015238117612170754001
-0.0000014861743693472817540
-0.0000014496050653178826906
-0.0000014140143775875912979
-0.0000013794201549899298698
-0.0000013457542991091031581
-0.0000013130346587786334567
-0.0000012811844953830586746
-0.0000012502301842687302269
-0.0000012200989658595062792
-0.0000011907809494005050510
-0.0000011622528290899936110
-0.0000011344997119522304274
-0.0000011074847634517936967
-0.0000010811975243996130303
-0.0000010555960443525691517
-0.0000010306835065421182662
-0.0000010064243269880535081
-0.0000009828147540247300640
-0.0000009598259111953666434
-0.0000009374289788866008166
-0.0000009156265150522813201
-0.0000008943962370722147170
-0.0000008737044367990165483
-0.0000008535669735465489794
-0.0000008339321766470675357
-0.0000008148200549840112217
-0.0000007961924097799055744
-0.0000007780442388138908427
-0.0000007603530889355170075
-0.0000007431229391841043252
-0.0000007263217867148341611
-0.0000007099516778907855041
-0.0000006940006187505787238
-0.0000006784457582398317754
-0.0000006632727718169917352
-0.0000006484968935183132999
-0.0000006340903269119735342
-0.0000006200298230396583676
-0.0000006063303885639470536
-0.0000005929640565227600746
-0.0000005799345217383233830
-0.0000005672205816154018976
-0.0000005548210992856184021
-0.0000005427219775810954161
-0.0000005309194648361881264
-0.0000005194082177695236169
-0.0000005081825520392158069
-0.0000004972166038896830287
-0.0000004865248683927347884
-0.0000004760835849992872681
-0.0000004659062824430293404
-0.0000004559589967811916722
-0.0000004462572178454138339
-0.0000004367940675820136676
-0.0000004275457285984884948
-0.0000004185230864095501602
-0.0000004097067858310765587
-0.0000004011032785911083920
-0.0000003927031855255336268
-0.0000003844960758669913048
-0.0000003764837970265944023
-0.0000003686647573886148166
-0.0000003610184080571343657
-0.0000003535566293066949584
-0.0000003462621407379629090
-0.0000003391421898868429707
-0.0000003321851522741781082
-0.0000003253871341257763561
-0.0000003187497839007846778
-0.0000003122613350114988862
-0.0000003059156767903914442
-0.0000002997210799549065996
-0.0000002936658631824684562
-0.0000002877493159303412540
-0.0000002819618032390280860
-0.0000002763061672794719925
-0.0000002707793385070544900
-0.0000002653763147009158274
-0.0000002600974084998597391
-0.0000002549319333411403932
-0.0000002498836408904026030
-0.0000002449461078413150972
-0.0000002401198742063570535
-0.0000002353984882574877702
-0.0000002307812536628262023
-0.0000002262640066419407958
-0.0000002218516073071441497
-0.0000002175354296696241363
-0.0000002133073593313383753
-0.0000002091761643896461464
-0.0000002051331904340258916
-0.0000002011781532473833067
-0.0000001973091485751865548
-0.0000001935247411211094004
-0.0000001898202128813863965
-0.0000001861958054405477014
-0.0000001826490176881634397
-0.0000001791789543403865537
-0.0000001757802294832799817
-0.0000001724559837157357833
-0.0000001692024653721091454
-0.0000001660166191186362994
-0.0000001628974501954871812
-0.0000001598452570306108100
-0.0000001568574390375943040
-0.0000001539297045383136719
-0.0000001510672831273041083
-0.0000001482609235381460167
-0.0000001455163527452896233
-0.0000001428282132565072970
-0.0000001401949418777803658
-0.0000001376162259703050950
-0.0000001350916392084400286
-0.0000001326179841498742462
-0.0000001301949481558040134
-0.0000001278214512012709747
-0.0000001254988717391825048
-0.0000001232205875112413196
-0.0000001209901228094167891
-0.0000001188054028489204939
-0.0000001166648715411611192
-0.0000001145675483371633163
-0.0000001125113371358565928
-0.0000001104974884924558864
-0.0000001085266987388422422
-0.0000001065906758412893396
-0.0000001046951538796747627
-0.0000001028368856736960879
-0.0000001010188128702793620
-0.0000000992326292248435493
-0.0000000974846017243180540
-0.0000000957703818471600243
-0.0000000940897564305487322
-0.0000000924437131288868841
-0.0000000908278465772127674
-0.0000000892450700007429987
-0.0000000876921006920383661
-0.0000000861701821008864499
-0.0000000846785255248505564
-0.0000000832141822115772811
-0.0000000817800085428643797
-0.0000000803733257725980366
-0.0000000789922154353916994
-0.0000000776395907564619847
-0.0000000763121477120876079
-0.0000000750116697645353270
-0.0000000737340144496556604
-0.0000000724809297025785781
-0.0000000712513852363372280
-0.0000000700476903148228303
-0.0000000688645869217907602
-0.0000000677049314390387735
-0.0000000665679849021216796
-0.0000000654506919772757101
-0.0000000643545376988186035
-0.0000000632801402389304712
-0.0000000622250411197455833
-0.0000000611901356251109974
-0.0000000601738037175891805
-0.0000000591777720160280296
-0.0000000581998769177971553
-0.0000000572390170816561294
-0.0000000562969617590169946
-0.0000000553720695961601450
-0.0000000544641061139827798
-0.0000000535725490635741153
-0.0000000526985850513028709
-0.0000000518397378357349226
-0.0000000509966042727683089
-0.0000000501686798770606401
-0.0000000493554388469874539
-0.0000000485588920184909512
-0.0000000477754298344734707
-0.0000000470070702363045712
-0.0000000462513121135543770
-0.0000000455093314144505712
-0.0000000447814372250832093
-0.0000000440659917444463645
-0.0000000433641496044856467
-0.0000000426737081227201998
-0.0000000419968060327846615
-0.0000000413313614444632549
-0.0000000406777047601281083
-0.0000000400362800689890719
-0.0000000394053039087793877
-0.0000000387862009176842548
-0.0000000381771947388642729
-0.0000000375794186879829795
-0.0000000369919312959154922
-0.0000000364157450860602694
-0.0000000358485010565345874
-0.0000000352913467338566988
-0.0000000345087372011221305
-0.0000000334507888055668445
-0.0000000324292557252192637
-0.0000000314427204273215466
-0.0000000304896303759960574
-0.0000000295688167284424708
-0.0000000286796222326302086
-0.0000000278200360526170698
-0.0000000269895874538406133
-0.0000000261867434403484367
-0.0000000254106673480691825
-0.0000000246605225129314931
-0.0000000239352502262590860
-0.0000000232335040095676959
-0.0000000225552003740858709
-0.0000000218989146816284119
-0.0000000212639879038079016
-0.0000000206496935106770252
-0.0000000200555767548848962
-0.0000000194801863528937247
-0.0000000189236626368938232
-0.0000000183848349877280270
-0.0000000178630941150004219
-0.0000000173581735651850977
-0.0000000168691762780781573
-0.0000000163953703946617679
-0.0000000159369477614745847
-0.0000000154924286732693872
-0.0000000150619978711574731
-0.0000000146451588634022301
-0.0000000142409941616961078
-0.0000000138493945200934832
-0.0000000134699646991975897
-0.0000000131020945204340933
-0.0000000127455974663348570
-0.0000000123997887513382921
-0.0000000120646221901665740
-0.0000000117395444476642297
-0.0000000114244649296324496
-0.0000000111186277962360691
-0.0000000108221449579559703
-0.0000000105345350220886758
-0.0000000102553832093121855
-0.0000000099845891554650734
-0.0000000097218446626357036
-0.0000000094666541272658833
-0.0000000092192005141100708
-0.0000000089789011781249428
-0.0000000087456690778253687
-0.0000000085191498300218882
-0.0000000082993736327807710
-0.0000000080858111317638759
-0.0000000078785253876390016
-0.0000000076770723111962980
-0.0000000074814954231783304
-0.0000000072914518867150946
-0.0000000071067574047845028
-0.0000000069274008751563088
-0.0000000067530914193980607
-0.0000000065837451046490969
-0.0000000064191039150784945
-0.0000000062591007932155662
-0.0000000061035816401044940
-0.0000000059523896922542008
-0.0000000058053686302628194
-0.0000000056625197863979793
-0.0000000055234936624515285
-0.0000000053883599804294136
-0.0000000052568527308949342
-0.0000000051290416358540369
-0.0000000050046269350900729
-0.0000000048837116572997274
-0.0000000047660115853886964
-0.0000000046514880835957229
-0.0000000045400501136327875
-0.0000000044316394998134001
-0.0000000043261123572335691
-0.0000000042234278296859884
-0.0000000041234220482522232
-0.0000000040261074474301495
-0.0000000039313450272970840
-0.0000000038391201329091018
-0.0000000037493199656069010
-0.0000000036618319487757844
-0.0000000035766660744229739
-0.0000000034937353010633387
-0.0000000034129079562461584
-0.0000000033342459904162070
-0.0000000032575475650276076
-0.0000000031828908397812938
-0.0000000031101266007027561
-0.0000000030392353078667611
-0.0000000029701292536543633
-0.0000000029028239811879075
-0.0000000028371944793548209
-0.0000000027732487417608809
-0.0000000027109399169944481
-0.0000000026501787431243429
-0.0000000025909092649101240
-0.0000000025331909903059113
-0.0000000024769153394998966
-0.0000000024219914962486655
-0.0000000023684780803279182
-0.0000000023162658457920315
-0.0000000022653692255403257
-0.0000000022157053969351637
-0.0000000021672699190844469
-0.0000000021200077249261540
-0.0000000020739041595163599
-0.0000000020289383506622016
-0.0000000019850880939031867
-0.0000000019422523589440743
-0.0000000019004877671591203
-0.0000000018597015039034659
-0.0000000018199464157930834
-0.0000000017810898311765300
-0.0000000017431922572086478
-0.0000000017062268264922409
-0.0000000016701005023378457
-0.0000000016348558062873053
-0.0000000016004171321526428
-0.0000000015668096819965172
-0.0000000015339968184591157
-0.0000000015019377963554348
-0.0000000014706398321351344
-0.0000000014400967085492766
-0.0000000014102281564731811
-0.0000000013810805832292772
-0.0000000013525864872576676
-0.0000000013247741792454804
-0.0000000012975982510710082
-0.0000000012710434926788139
-0.0000000012451163433624401
-0.0000000012197708398886675
-0.0000000011949831124624666
-0.0000000011707854685738539
-0.0000000011471322780565174
-0.0000000011240207653528955
-0.0000000011014132939024535
-0.0000000010793209659354375
-0.0000000010577317910431816
-0.0000000010366262293004525
-0.0000000010160055019525771
-0.0000000009958278646138297
-0.0000000009761079722281352
-0.0000000009568207337551371
-0.0000000009379682586185822
-0.0000000009195253447558116
-0.0000000009014892721204149
-0.0000000008838437759450812
-0.0000000008666078410435318
-0.0000000008497477721469693
-0.0000000008332318723880405
-0.0000000008170943921470553
-0.0000000008013015251329136
-0.0000000007858521611225910
-0.0000000007707388616218225
-0.0000000007559560200043336
-0.0000000007414852065679156
-0.0000000007273273650021395
-0.0000000007134727253443884
-0.0000000006999177903921350
-0.0000000006866415214190624
-0.0000000006736561863895929
-0.0000000006609471303598013
-0.0000000006485024184321730
-0.0000000006363181648261218
-0.0000000006243955352758235
-0.0000000006127243712406027
-0.0000000006012879083527878
-0.0000000005901065747160317
-0.0000000005791442325708829
-0.0000000005684232529112876
-0.0000000005579227080332316
-0.0000000005476364917100796
-0.0000000005375633826965043
-0.0000000005277017156579689
-0.0000000005180390005854463
-0.0000000005085740162336094
-0.0000000004993025437549647
-0.0000000004902299677311817
-0.0000000004813304199657864
-0.0000000004726176672242843
-0.0000000004640836048785957
-0.0000000004557221544576606
-0.0000000004475294856920442
-0.0000000004394974106869398
-0.0000000004316308144236558
-0.0000000004239324169486025
-0.0000000004163698275050365
-0.0000000004089654448424795
-0.0000000004017065846628753
-0.0000000003946047377745288
-0.0000000003876274579095451
-0.0000000003807992254856174
-0.0000000003741030540904688
-0.0000000003675381110568310
-0.0000000003611082544097144
-0.0000000003547962756922374
-0.0000000003486135546904023
-0.0000000003425472683282749
-0.0000000003366022738315877
-0.0000000003307754903314475
-0.0000000003250553992639738
-0.0000000003194531583705640
-0.0000000003139583037992111
-0.0000000003085633415444988
-0.0000000003032796513924296
-0.0000000002980943270003422
-0.0000000002930143350177161
-0.0000000002880234939439674
-0.0000000002831286316506976
-0.0000000002783257235794423
-0.0000000002736237902922767
-0.0000000002690022926632452
-0.0000000002644723884337452
-0.0000000002600311910239128
-0.0000000002556667655362332
-0.0000000002513849128860102
-0.0000000002471880478083222
-0.0000000002430665668740062
-0.0000000002390239672855898
-0.0000000002350539207718327
-0.0000000002311631719376095
-0.0000000002273432692101451
-0.0000000002235899104752193
-0.0000000002199100068711601
-0.0000000002162971468600006
-0.0000000002127504145077452
-0.0000000002092677697795864
-0.0000000002058538478566518
-0.0000000002024989759208395
-0.0000000001992054854405012
-0.0000000001959714057697681
-0.0000000001927946829960447
-0.0000000001896831719472303
-0.0000000001866227727909120
-0.0000000001836213681105647
-0.0000000001806691879435718
-0.0000000001777708258376975
-0.0000000001749274891604813
-0.0000000001721327802517436
-0.0000000001693912093925221
-0.0000000001666941723543758
-0.0000000001640500235655651
-0.0000000001614506306424346
-0.0000000001588972842192504
-0.0000000001563917190194886
-0.0000000001539269683936695
-0.0000000001515085973347041
-0.0000000001491296669486886
-0.0000000001467946042499335
-0.0000000001444997316246699
-0.0000000001422490042424229
-0.0000000001400332072520882
-0.0000000001378568231791277
