-0.0797351375222206115722656
-0.0792742446064949035644531
-0.0788090825080871582031250
-0.0783609896898269653320313
-0.0779041498899459838867188
-0.0774598866701126098632813
-0.0770141780376434326171875
-0.0765789523720741271972656
-0.0761401206254959106445313
-0.0757096260786056518554688
-0.0752875357866287231445313
-0.0748575180768966674804688
-0.0744502469897270202636719
-0.0740328729152679443359375
-0.0736243277788162231445313
-0.0732199922204017639160156
-0.0728176534175872802734375
-0.0724197030067443847656250
-0.0720192193984985351562500
-0.0716233029961585998535156
-0.0712391659617424011230469
-0.0708527490496635437011719
-0.0704735442996025085449219
-0.0700898766517639160156250
-0.0697135925292968750000000
-0.0693448036909103393554688
-0.0689812079071998596191406
-0.0686111301183700561523438
-0.0682582110166549682617188
-0.0678989440202713012695313
-0.0675428435206413269042969
-0.0671876445412635803222656
-0.0668451786041259765625000
-0.0664919689297676086425781
-0.0661539956927299499511719
-0.0658078044652938842773438
-0.0654793530702590942382813
-0.0651380792260169982910156
-0.0648052468895912170410156
-0.0644738972187042236328125
-0.0641534700989723205566406
-0.0638322904706001281738281
-0.0635151043534278869628906
-0.0631878450512886047363281
-0.0628788918256759643554688
-0.0625623241066932678222656
-0.0622476637363433837890625
-0.0619467422366142272949219
-0.0616407543420791625976563
-0.0613415837287902832031250
-0.0610327422618865966796875
-0.0607378669083118438720703
-0.0604429021477699279785156
-0.0601478554308414459228516
-0.0598622448742389678955078
-0.0595719628036022186279297
-0.0592864900827407836914063
-0.0590058714151382446289063
-0.0587160624563694000244141
-0.0584453307092189788818359
-0.0581631325185298919677734
-0.0578954108059406280517578
-0.0576257444918155670166016
-0.0573494583368301391601563
-0.0570783689618110656738281
-0.0568195953965187072753906
-0.0565496422350406646728516
-0.0562897287309169769287109
-0.0560281425714492797851563
-0.0557743236422538757324219
-0.0555165521800518035888672
-0.0552642941474914550781250
-0.0550105385482311248779297
-0.0547623559832572937011719
-0.0545127578079700469970703
-0.0542617700994014739990234
-0.0540212020277976989746094
-0.0537793040275573730468750
-0.0535385161638259887695313
-0.0532964840531349182128906
-0.0530603043735027313232422
-0.0528300516307353973388672
-0.0525868684053421020507813
-0.0523567423224449157714844
-0.0521184913814067840576172
-0.0518980659544467926025391
-0.0516696050763130187988281
-0.0514425188302993774414063
-0.0512192472815513610839844
-0.0509974434971809387207031
-0.0507794916629791259765625
-0.0505583621561527252197266
-0.0503505840897560119628906
-0.0501255653798580169677734
-0.0499139353632926940917969
-0.0496922135353088378906250
-0.0494839511811733245849609
-0.0492750518023967742919922
-0.0490702502429485321044922
-0.0488601736724376678466797
-0.0486636757850646972656250
-0.0484548844397068023681641
-0.0482503175735473632812500
-0.0480452887713909149169922
-0.0478492490947246551513672
-0.0476504415273666381835938
-0.0474535897374153137207031
-0.0472564063966274261474609
-0.0470636077225208282470703
-0.0468704923987388610839844
-0.0466794557869434356689453
-0.0464858151972293853759766
-0.0463037118315696716308594
-0.0461119823157787322998047
-0.0459248013794422149658203
-0.0457374490797519683837891
-0.0455593951046466827392578
-0.0453741513192653656005859
-0.0451935529708862304687500
-0.0450105220079421997070313
-0.0448297969996929168701172
-0.0446584932506084442138672
-0.0444730408489704132080078
-0.0442970618605613708496094
-0.0441281795501708984375000
-0.0439546331763267517089844
-0.0437788516283035278320313
-0.0436125881969928741455078
-0.0434393994510173797607422
-0.0432663597166538238525391
-0.0431005358695983886718750
-0.0429349131882190704345703
-0.0427718535065650939941406
-0.0426019616425037384033203
-0.0424440801143646240234375
-0.0422794073820114135742188
-0.0421103127300739288330078
-0.0419556647539138793945313
-0.0417965948581695556640625
-0.0416355431079864501953125
-0.0414771772921085357666016
-0.0413262695074081420898438
-0.0411733761429786682128906
-0.0410161986947059631347656
-0.0408618077635765075683594
-0.0407101996243000030517578
-0.0405590757727622985839844
-0.0404084026813507080078125
-0.0402582250535488128662109
-0.0401038527488708496093750
-0.0399641282856464385986328
-0.0398131832480430603027344
-0.0396651439368724822998047
-0.0395176559686660766601563
-0.0393754988908767700195313
-0.0392315536737442016601563
-0.0390906147658824920654297
-0.0389455743134021759033203
-0.0388058908283710479736328
-0.0386645197868347167968750
-0.0385285206139087677001953
-0.0383908674120903015136719
-0.0382539071142673492431641
-0.0381106026470661163330078
-0.0379821509122848510742188
-0.0378473848104476928710938
-0.0377133712172508239746094
-0.0375777743756771087646484
-0.0374500304460525512695313
-0.0373113043606281280517578
-0.0371804460883140563964844
-0.0370480604469776153564453
-0.0369211994111537933349609
-0.0367928519845008850097656
-0.0366653539240360260009766
-0.0365410856902599334716797
-0.0364129915833473205566406
-0.0362857729196548461914063
-0.0361594781279563903808594
-0.0360317341983318328857422
-0.0359143577516078948974609
-0.0357884801924228668212891
-0.0356659181416034698486328
-0.0355466715991497039794922
-0.0354260578751564025878906
-0.0352993495762348175048828
-0.0351830646395683288574219
-0.0350630767643451690673828
-0.0349488109350204467773438
-0.0348238013684749603271484
-0.0347092524170875549316406
-0.0345933847129344940185547
-0.0344762243330478668212891
-0.0343672074377536773681641
-0.0342474840581417083740234
-0.0341382734477519989013672
-0.0340207405388355255126953
-0.0339090265333652496337891
-0.0338007919490337371826172
-0.0336889624595642089843750
-0.0335759222507476806640625
-0.0334663838148117065429688
-0.0333556383848190307617188
-0.0332484208047389984130859
-0.0331376455724239349365234
-0.0330327861011028289794922
-0.0329220481216907501220703
-0.0328172110021114349365234
-0.0327135846018791198730469
-0.0326111763715744018554688
-0.0325052924454212188720703
-0.0323982797563076019287109
-0.0322948694229125976562500
-0.0321926996111869812011719
-0.0320894457399845123291016
-0.0319898054003715515136719
-0.0318843796849250793457031
-0.0317873097956180572509766
-0.0316821001470088958740234
-0.0315876007080078125000000
-0.0314826592803001403808594
-0.0313860811293125152587891
-0.0312861241400241851806641
-0.0311898309737443923950195
-0.0310901794582605361938477
-0.0309918709099292755126953
-0.0309019759297370910644531
-0.0308040268719196319580078
-0.0307074431329965591430664
-0.0306122265756130218505859
-0.0305183846503496170043945
-0.0304259490221738815307617
-0.0303348954766988754272461
-0.0302358139306306838989258
-0.0301452241837978363037109
-0.0300536938011646270751953
-0.0299659203737974166870117
-0.0298701729625463485717773
-0.0297829192131757736206055
-0.0296923927962779998779297
-0.0295962523669004440307617
-0.0295156911015510559082031
-0.0294248238205909729003906
-0.0293377693742513656616211
-0.0292498469352722167968750
-0.0291586797684431076049805
-0.0290760677307844161987305
-0.0289855226874351501464844
-0.0288988295942544937133789
-0.0288136415183544158935547
-0.0287252534180879592895508
-0.0286477953195571899414063
-0.0285600870847702026367188
-0.0284786149859428405761719
-0.0283916015177965164184570
-0.0283132027834653854370117
-0.0281885024160146713256836
-0.0280257817357778549194336
-0.0278622340410947799682617
-0.0277026295661926269531250
-0.0275422967970371246337891
-0.0273859780281782150268555
-0.0272301752120256423950195
-0.0270725935697555541992188
-0.0269215088337659835815430
-0.0267675332725048065185547
-0.0266177710145711898803711
-0.0264675468206405639648438
-0.0263204351067543029785156
-0.0261741280555725097656250
-0.0260298047214746475219727
-0.0258887130767107009887695
-0.0257449783384799957275391
-0.0256010014563798904418945
-0.0254615247249603271484375
-0.0253242105245590209960938
-0.0251855719834566116333008
-0.0250515379011631011962891
-0.0249150451272726058959961
-0.0247820336371660232543945
-0.0246489960700273513793945
-0.0245183128863573074340820
-0.0243900362402200698852539
-0.0242594424635171890258789
-0.0241301264613866806030273
-0.0240044668316841125488281
-0.0238812956959009170532227
-0.0237547699362039566040039
-0.0236331485211849212646484
-0.0235082171857357025146484
-0.0233894214034080505371094
-0.0232673734426498413085938
-0.0231491588056087493896484
-0.0230300910770893096923828
-0.0229125507175922393798828
-0.0227953754365444183349609
-0.0226809512823820114135742
-0.0225681290030479431152344
-0.0224545635282993316650391
-0.0223426353186368942260742
-0.0222300346940755844116211
-0.0221202764660120010375977
-0.0220075249671936035156250
-0.0219000298529863357543945
-0.0217919275164604187011719
-0.0216855946928262710571289
-0.0215798709541559219360352
-0.0214736014604568481445313
-0.0213715136051177978515625
-0.0212700963020324707031250
-0.0211634840816259384155273
-0.0210611093789339065551758
-0.0209618154913187026977539
-0.0208620764315128326416016
-0.0207619331777095794677734
-0.0206637512892484664916992
-0.0205663572996854782104492
-0.0204656645655632019042969
-0.0203716829419136047363281
-0.0202779620885848999023438
-0.0201827492564916610717773
-0.0200878269970417022705078
-0.0199920497834682464599609
-0.0199001170694828033447266
-0.0198091138154268264770508
-0.0197178740054368972778320
-0.0196275878697633743286133
-0.0195382833480834960937500
-0.0194487813860177993774414
-0.0193602833896875381469727
-0.0192716270685195922851563
-0.0191840045154094696044922
-0.0190997794270515441894531
-0.0190142523497343063354492
-0.0189286284148693084716797
-0.0188440848141908645629883
-0.0187594667077064514160156
-0.0186765436083078384399414
-0.0185918044298887252807617
-0.0185105465352535247802734
-0.0184292774647474288940430
-0.0183503367006778717041016
-0.0182666890323162078857422
-0.0181901119649410247802734
-0.0181088428944349288940430
-0.0180293750017881393432617
-0.0179523080587387084960938
-0.0178758781403303146362305
-0.0177989415824413299560547
-0.0177220683544874191284180
-0.0176458749920129776000977
-0.0175703745335340499877930
-0.0174961574375629425048828
-0.0174220595508813858032227
-0.0173474997282028198242188
-0.0172760374844074249267578
-0.0172029510140419006347656
-0.0171300321817398071289063
-0.0170578733086585998535156
-0.0169876608997583389282227
-0.0169164631515741348266602
-0.0168466493487358093261719
-0.0167776178568601608276367
-0.0167064648121595382690430
-0.0166396573185920715332031
-0.0165707245469093322753906
-0.0165044032037258148193359
-0.0164353977888822555541992
-0.0163695961236953735351563
-0.0163028761744499206542969
-0.0162376314401626586914063
-0.0161697305738925933837891
-0.0161044746637344360351563
-0.0160412974655628204345703
-0.0159772541373968124389648
-0.0159141216427087783813477
-0.0158495567739009857177734
-0.0157882701605558395385742
-0.0157249812036752700805664
-0.0156614519655704498291016
-0.0156000507995486259460449
-0.0155401928350329399108887
-0.0154783595353364944458008
-0.0154180880635976791381836
-0.0153564438223838806152344
-0.0152975525707006454467773
-0.0152396494522690773010254
-0.0151786301285028457641602
-0.0151209672912955284118652
-0.0150625575333833694458008
-0.0150045808404684066772461
-0.0149470418691635131835938
-0.0148905310779809951782227
-0.0148333050310611724853516
-0.0147765325382351875305176
-0.0147196343168616294860840
-0.0146673293784260749816895
-0.0146102085709571838378906
-0.0145553275942802429199219
-0.0145009458065032958984375
-0.0144464708864688873291016
-0.0143930800259113311767578
-0.0143401995301246643066406
-0.0142842940986156463623047
-0.0142342131584882736206055
-0.0141781819984316825866699
-0.0141291562467813491821289
-0.0140759544447064399719238
-0.0140238841995596885681152
-0.0139717701822519302368164
-0.0139219760894775390625000
-0.0138703798875212669372559
-0.0138199431821703910827637
-0.0137706547975540161132813
-0.0137207685038447380065918
-0.0136696882545948028564453
-0.0136233167722821235656738
-0.0135734155774116516113281
-0.0135229229927062988281250
-0.0134748006239533424377441
-0.0134296286851167678833008
-0.0133797731250524520874023
-0.0133322943001985549926758
-0.0132848396897315979003906
-0.0132403643801808357238770
-0.0131912184879183769226074
-0.0131462328135967254638672
-0.0130995325744152069091797
-0.0130534647032618522644043
-0.0130086345598101615905762
-0.0129626803100109100341797
-0.0129197360947728157043457
-0.0128739215433597564697266
-0.0128275817260146141052246
-0.0127842696383595466613770
-0.0127398557960987091064453
-0.0126967113465070724487305
-0.0126524688675999641418457
-0.0126077346503734588623047
-0.0125660384073853492736816
-0.0125256283208727836608887
-0.0124817779287695884704590
-0.0124403964728116989135742
-0.0123961884528398513793945
-0.0123550305142998695373535
-0.0123134087771177291870117
-0.0122719099745154380798340
-0.0122311236336827278137207
-0.0121881216764450073242188
-0.0121493674814701080322266
-0.0121089816093444824218750
-0.0120699191465973854064941
-0.0120286475867033004760742
-0.0119881089776754379272461
-0.0119500746950507164001465
-0.0119116101413965225219727
-0.0118703572079539299011230
-0.0118316281586885452270508
-0.0117930555716156959533691
-0.0117552410811185836791992
-0.0117164216935634613037109
-0.0116801289841532707214355
-0.0116410702466964721679688
-0.0116016017273068428039551
-0.0115652652457356452941895
-0.0115297008305788040161133
-0.0114919701591134071350098
-0.0114532588049769401550293
-0.0114176850765943527221680
-0.0113805374130606651306152
-0.0113453613594174385070801
-0.0113086253404617309570313
-0.0112732704728841781616211
-0.0112381270155310630798340
-0.0112014291808009147644043
-0.0111667150631546974182129
-0.0111304512247443199157715
-0.0110961738973855972290039
-0.0110615342855453491210938
-0.0110271172598004341125488
-0.0109929312020540237426758
-0.0109566198661923408508301
-0.0109258424490690231323242
-0.0108917709439992904663086
-0.0108573464676737785339355
-0.0108225755393505096435547
-0.0107898162677884101867676
-0.0107578914612531661987305
-0.0107238627970218658447266
-0.0106912609189748764038086
-0.0106589142233133316040039
-0.0106256464496254920959473
-0.0105932224541902542114258
-0.0105616506189107894897461
-0.0105279870331287384033203
-0.0104981241747736930847168
-0.0104649942368268966674805
-0.0104344896972179412841797
-0.0104030799120664596557617
-0.0103713581338524818420410
-0.0103410901501774787902832
-0.0103093301877379417419434
-0.0102784465998411178588867
-0.0102490177378058433532715
-0.0102187013253569602966309
-0.0101874908432364463806152
-0.0101565727964043617248535
-0.0101277139037847518920898
-0.0100967921316623687744141
-0.0100691076368093490600586
-0.0100387781858444213867188
-0.0100093400105834007263184
-0.0099668921902775764465332
-0.0099092805758118629455566
-0.0098511353135108947753906
-0.0097951237112283706665039
-0.0097380187362432479858398
-0.0096824858337640762329102
-0.0096267722547054290771484
-0.0095723690465092658996582
-0.0095175150781869888305664
-0.0094637032598257064819336
-0.0094109419733285903930664
-0.0093571897596120834350586
-0.0093062808737158775329590
-0.0092541091144084930419922
-0.0092030409723520278930664
-0.0091524990275502204895020
-0.0091022066771984100341797
-0.0090524628758430480957031
-0.0090024024248123168945313
-0.0089529128745198249816895
-0.0089048957452178001403809
-0.0088565936312079429626465
-0.0088091930374503135681152
-0.0087612345814704895019531
-0.0087141990661621093750000
-0.0086681004613637924194336
-0.0086226509883999824523926
-0.0085763912647962570190430
-0.0085322763770818710327148
-0.0084873680025339126586914
-0.0084428554400801658630371
-0.0083984555676579475402832
-0.0083556473255157470703125
-0.0083114961162209510803223
-0.0082692494615912437438965
-0.0082259755581617355346680
-0.0081849191337823867797852
-0.0081422599032521247863770
-0.0081006558611989021301270
-0.0080592371523380279541016
-0.0080191837623715400695801
-0.0079790363088250160217285
-0.0079393880441784858703613
-0.0078984806314110755920410
-0.0078598614782094955444336
-0.0078202905133366584777832
-0.0077809579670429229736328
-0.0077433427795767784118652
-0.0077050942927598953247070
-0.0076676979660987854003906
-0.0076290927827358245849609
-0.0075922333635389804840088
-0.0075553627684712409973145
-0.0075184819288551807403564
-0.0074827806092798709869385
-0.0074464953504502773284912
-0.0074108112603425979614258
-0.0073757339268922805786133
-0.0073395078070461750030518
-0.0073056663386523723602295
-0.0072703915648162364959717
-0.0072369263507425785064697
-0.0072032180614769458770752
-0.0071686822921037673950195
-0.0071347961202263832092285
-0.0071024494245648384094238
-0.0070687052793800830841064
-0.0070362160913646221160889
-0.0070035178214311599731445
-0.0069717904552817344665527
-0.0069395690225064754486084
-0.0069080367684364318847656
-0.0068763173185288906097412
-0.0068452944979071617126465
-0.0068140947259962558746338
-0.0067827212624251842498779
-0.0067526502534747123718262
-0.0067224130034446716308594
-0.0066923145204782485961914
-0.0066620605066418647766113
-0.0066325380466878414154053
-0.0066037564538419246673584
-0.0065733585506677627563477
-0.0065445927903056144714355
-0.0065148114226758480072021
-0.0064872582443058490753174
-0.0064587006345391273498535
-0.0064303148537874221801758
-0.0064024059101939201354980
-0.0063746804371476173400879
-0.0063474364578723907470703
-0.0063197952695190906524658
-0.0062938230112195014953613
-0.0062656956724822521209717
-0.0062392419204115867614746
-0.0062115266919136047363281
-0.0061854938976466655731201
-0.0061593814752995967864990
-0.0061337812803685665130615
-0.0061075217090547084808350
-0.0060829594731330871582031
-0.0060568605549633502960205
-0.0060312896966934204101563
-0.0060056610964238643646240
-0.0059811561368405818939209
-0.0059563051909208297729492
-0.0059316987171769142150879
-0.0059070507995784282684326
-0.0058829509653151035308838
-0.0058588115498423576354980
-0.0058349319733679294586182
-0.0058107268996536731719971
-0.0057879639789462089538574
-0.0057639977894723415374756
-0.0057406001724302768707275
-0.0057171811349689960479736
-0.0056949243880808353424072
-0.0056717689149081707000732
-0.0056491941213607788085938
-0.0056263152509927749633789
-0.0056037246249616146087646
-0.0055823116563260555267334
-0.0055591301061213016510010
-0.0055371327325701713562012
-0.0055160224437713623046875
-0.0054943291470408439636230
-0.0054723564535379409790039
-0.0054515735246241092681885
-0.0054299249313771724700928
-0.0054082949645817279815674
-0.0053875669836997985839844
-0.0053668641485273838043213
-0.0053464816883206367492676
-0.0053252452053129673004150
-0.0053055100142955780029297
-0.0052849259227514266967773
-0.0052637890912592411041260
-0.0052444580942392349243164
-0.0052245743572711944580078
-0.0052044428884983062744141
-0.0051846471615135669708252
-0.0051657836884260177612305
-0.0051466720178723335266113
-0.0051270248368382453918457
-0.0051077259704470634460449
-0.0050887749530375003814697
-0.0050698844715952873229980
-0.0050510503351688385009766
-0.0050322781316936016082764
-0.0050129815936088562011719
-0.0049955160357058048248291
-0.0049766479060053825378418
-0.0049581429921090602874756
-0.0049397069960832595825195
-0.0049219373613595962524414
-0.0049039442092180252075195
-0.0048863268457353115081787
-0.0048681967891752719879150
-0.0048507363535463809967041
-0.0048330649733543395996094
-0.0048160650767385959625244
-0.0047988584265112876892090
-0.0047817383892834186553955
-0.0047638253308832645416260
-0.0047477688640356063842773
-0.0047309231013059616088867
-0.0047141714021563529968262
-0.0046972217969596385955811
-0.0046812538057565689086914
-0.0046639130450785160064697
-0.0046475557610392570495605
-0.0046310075558722019195557
-0.0046151499263942241668701
-0.0045991064980626106262207
-0.0045831692405045032501221
-0.0045676357112824916839600
-0.0045516239479184150695801
-0.0045357216149568557739258
-0.0045199347659945487976074
-0.0045039667747914791107178
-0.0044892947189509868621826
-0.0044735600240528583526611
-0.0044582397677004337310791
-0.0044433339498937129974365
-0.0044282572343945503234863
-0.0044124186970293521881104
-0.0043978830799460411071777
-0.0043828845955431461334229
-0.0043686013668775558471680
-0.0043529751710593700408936
-0.0043386565521359443664551
-0.0043241730891168117523193
-0.0043095280416309833526611
-0.0042959009297192096710205
-0.0042809355072677135467529
-0.0042672841809689998626709
-0.0042525925673544406890869
-0.0042386283166706562042236
-0.0042250989936292171478271
-0.0042111203074455261230469
-0.0041969902813434600830078
-0.0041832979768514633178711
-0.0041694547981023788452148
-0.0041560526005923748016357
-0.0041422056965529918670654
-0.0041290982626378536224365
-0.0041152560152113437652588
-0.0041021513752639293670654
-0.0040891980752348899841309
-0.0040763970464468002319336
-0.0040631615556776523590088
-0.0040497849695384502410889
-0.0040368586778640747070313
-0.0040240874513983726501465
-0.0040111807174980640411377
-0.0039987256750464439392090
-0.0039855474606156349182129
-0.0039734137244522571563721
-0.0039602625183761119842529
-0.0039484500885009765625000
-0.0039353324100375175476074
-0.0039232601411640644073486
-0.0039107655175030231475830
-0.0038987288717180490493774
-0.0038862724322825670242310
-0.0038739838637411594390869
-0.0038627469912171363830566
-0.0038505033589899539947510
-0.0038384303916245698928833
-0.0038265283219516277313232
-0.0038147980812937021255493
-0.0038032436277717351913452
-0.0037918619345873594284058
-0.0037794767413288354873657
-0.0037681530229747295379639
-0.0037567117251455783843994
-0.0037457400467246770858765
-0.0037337716203182935714722
-0.0037228649016469717025757
-0.0037115490995347499847412
-0.0036995315458625555038452
-0.0036894613876938819885254
-0.0036781029775738716125488
-0.0036672211717814207077026
-0.0036562308669090270996094
-0.0036448349710553884506226
-0.0036345084663480520248413
-0.0036231903359293937683105
-0.0036123536992818117141724
-0.0036017051897943019866943
-0.0035906566772609949111938
-0.0035809744149446487426758
-0.0035700108855962753295898
-0.0035598268732428550720215
-0.0035489501897245645523071
-0.0035391503479331731796265
-0.0035235628020018339157104
-0.0035032227169722318649292
-0.0034827792551368474960327
-0.0034628286957740783691406
-0.0034427870996296405792236
-0.0034232472535222768783569
-0.0034037719015032052993774
-0.0033840741962194442749023
-0.0033651886042207479476929
-0.0033459416590631008148193
-0.0033272213768213987350464
-0.0033084433525800704956055
-0.0032900543883442878723145
-0.0032717660069465637207031
-0.0032537255901843309402466
-0.0032360891345888376235962
-0.0032181222923099994659424
-0.0032001251820474863052368
-0.0031826905906200408935547
-0.0031655263155698776245117
-0.0031481964979320764541626
-0.0031314422376453876495361
-0.0031143806409090757369995
-0.0030977542046457529067993
-0.0030811245087534189224243
-0.0030647891107946634292603
-0.0030487545300275087356567
-0.0030324303079396486282349
-0.0030162658076733350753784
-0.0030005583539605140686035
-0.0029851619619876146316528
-0.0029693462420254945755005
-0.0029541435651481151580811
-0.0029385271482169628143311
-0.0029236776754260063171387
-0.0029084216803312301635742
-0.0028936448507010936737061
-0.0028787613846361637115479
-0.0028640688396990299224854
-0.0028494219295680522918701
-0.0028351189102977514266968
-0.0028210161253809928894043
-0.0028068204410374164581299
-0.0027928294148296117782593
-0.0027787543367594480514526
-0.0027650345582515001296997
-0.0027509406208992004394531
-0.0027375037316232919692993
-0.0027239909395575523376465
-0.0027106993366032838821411
-0.0026974838692694902420044
-0.0026842001825571060180664
-0.0026714392006397247314453
-0.0026587620377540588378906
-0.0026454355102032423019409
-0.0026326386723667383193970
-0.0026202269364148378372192
-0.0026077595539391040802002
-0.0025952416472136974334717
-0.0025829689111560583114624
-0.0025707946624606847763062
-0.0025582080706954002380371
-0.0025464603677392005920410
-0.0025347452610731124877930
-0.0025228436570614576339722
-0.0025109783746302127838135
-0.0024990062229335308074951
-0.0024875146336853504180908
-0.0024761392269283533096313
-0.0024647342506796121597290
-0.0024534484837204217910767
-0.0024422854185104370117188
-0.0024310976732522249221802
-0.0024200354237109422683716
-0.0024089533835649490356445
-0.0023980005644261837005615
-0.0023874724283814430236816
-0.0023767815437167882919312
-0.0023660785518586635589600
-0.0023555106017738580703735
-0.0023449333384633064270020
-0.0023345679510384798049927
-0.0023239755537360906600952
-0.0023138183169066905975342
-0.0023036596830934286117554
-0.0022937920875847339630127
-0.0022833361290395259857178
-0.0022737639956176280975342
-0.0022636053618043661117554
-0.0022536718752235174179077
-0.0022440385073423385620117
-0.0022344847675412893295288
-0.0022248676978051662445068
-0.0022152585443109273910522
-0.0022057343740016222000122
-0.0021962968166917562484741
-0.0021870196796953678131104
-0.0021777574438601732254028
-0.0021684374660253524780273
-0.0021595046855509281158447
-0.0021503688767552375793457
-0.0021412540227174758911133
-0.0021322341635823249816895
-0.0021234576124697923660278
-0.0021145578939467668533325
-0.0021058311685919761657715
-0.0020972022321075201034546
-0.0020883081015199422836304
-0.0020799571648240089416504
-0.0020713405683636665344238
-0.0020630504004657268524170
-0.0020544247236102819442749
-0.0020461995154619216918945
-0.0020378595218062400817871
-0.0020297039300203323364258
-0.0020212163217365741729736
-0.0020130593329668045043945
-0.0020051621831953525543213
-0.0019971567671746015548706
-0.0019892652053385972976685
-0.0019811945967376232147217
-0.0019735337700694799423218
-0.0019656226504594087600708
-0.0019576814956963062286377
-0.0019500063499435782432556
-0.0019425241043791174888611
-0.0019347949419170618057251
-0.0019272610079497098922729
-0.0019195554777979850769043
-0.0019121940713375806808472
-0.0019049561815336346626282
-0.0018973287660628557205200
-0.0018901209114119410514832
-0.0018828196916729211807251
-0.0018755726050585508346558
-0.0018683802336454391479492
-0.0018613163847476243972778
-0.0018541631288826465606689
-0.0018470665672793984413147
-0.0018399542896077036857605
-0.0018334161723032593727112
-0.0018262760713696479797363
-0.0018194159492850303649902
-0.0018126182258129119873047
-0.0018058088608086109161377
-0.0017991350032389163970947
-0.0017925249412655830383301
-0.0017855367623269557952881
-0.0017792766448110342025757
-0.0017722727498039603233337
-0.0017661445308476686477661
-0.0017594943055883049964905
-0.0017529855249449610710144
-0.0017464712727814912796021
-0.0017402470111846923828125
-0.0017337974859401583671570
-0.0017274928977712988853455
-0.0017213318496942520141602
-0.0017150960629805922508240
-0.0017087110318243503570557
-0.0017029145965352654457092
-0.0016966769471764564514160
-0.0016903653740882873535156
-0.0016843500779941678047180
-0.0016787035856395959854126
-0.0016724716406315565109253
-0.0016665367875248193740845
-0.0016606049612164497375488
-0.0016550455475226044654846
-0.0016489023109897971153259
-0.0016432791016995906829834
-0.0016374415718019008636475
-0.0016316830879077315330505
-0.0016260793199762701988220
-0.0016203350387513637542725
-0.0016149670118466019630432
-0.0016092401929199695587158
-0.0016034477157518267631531
-0.0015980337047949433326721
-0.0015924819745123386383057
-0.0015870889183133840560913
-0.0015815586084499955177307
-0.0015759668312966823577881
-0.0015707548009231686592102
-0.0015657035401090979576111
-0.0015602222410961985588074
-0.0015550495591014623641968
-0.0015495235566049814224243
-0.0015443788142874836921692
-0.0015391760971397161483765
-0.0015339887468144297599792
-0.0015288904542103409767151
-0.0015235152095556259155273
-0.0015186709351837635040283
-0.0015136227011680603027344
-0.0015087398933246731758118
-0.0015035809483379125595093
-0.0014985136222094297409058
-0.0014937593368813395500183
-0.0014889512676745653152466
-0.0014837946509942412376404
-0.0014789535198360681533813
-0.0014741319464519619941711
-0.0014694051351398229598999
-0.0014645527116954326629639
-0.0014600161230191588401794
-0.0014551337808370590209961
-0.0014502002159133553504944
-0.0014456581557169556617737
-0.0014412126038223505020142
-0.0014364962698891758918762
-0.0014316573506221175193787
-0.0014272106345742940902710
-0.0014225671766325831413269
-0.0014181701699271798133850
-0.0014135781675577163696289
-0.0014091588091105222702026
-0.0014047658769413828849792
-0.0014001786476001143455505
-0.0013958393828943371772766
-0.0013913064030930399894714
-0.0013870217371731996536255
-0.0013826917856931686401367
-0.0013783896574750542640686
-0.0013741164002567529678345
-0.0013695774832740426063538
-0.0013657303061336278915405
-0.0013614713679999113082886
-0.0013571683084592223167419
-0.0013528219424188137054443
-0.0013487270334735512733459
-0.0013447364326566457748413
-0.0013404828496277332305908
-0.0013364076148718595504761
-0.0013323642779141664505005
-0.0013282058062031865119934
-0.0013241528067737817764282
-0.0013202063273638486862183
-0.0013159983791410923004150
-0.0013122655218467116355896
-0.0013081242796033620834351
-0.0013043112121522426605225
-0.0013003849890083074569702
-0.0012964197667315602302551
-0.0012926362687721848487854
-0.0012886662734672427177429
-0.0012848058249801397323608
-0.0012811272172257304191589
-0.0012773376656696200370789
-0.0012734363554045557975769
-0.0012695715995505452156067
-0.0012659642379730939865112
-0.0012620990164577960968018
-0.0012586384546011686325073
-0.0012548472732305526733398
-0.0012511675013229250907898
-0.0012458615237846970558167
-0.0012386600719764828681946
-0.0012313919141888618469238
-0.0012243904639035463333130
-0.0012172523420304059982300
-0.0012103107292205095291138
-0.0012033465318381786346436
-0.0011965461308136582374573
-0.0011896893847733736038208
-0.0011829629074782133102417
-0.0011763677466660737991333
-0.0011696487199515104293823
-0.0011632851092144846916199
-0.0011567636393010616302490
-0.0011503801215440034866333
-0.0011440623784437775611877
-0.0011377758346498012542725
-0.0011315578594803810119629
-0.0011253003031015396118164
-0.0011191141093149781227112
-0.0011131119681522250175476
-0.0011070742039009928703308
-0.0011011491296812891960144
-0.0010951543226838111877441
-0.0010892748832702636718750
-0.0010835125576704740524292
-0.0010778313735499978065491
-0.0010720489080995321273804
-0.0010665345471352338790894
-0.0010609210003167390823364
-0.0010553569300100207328796
-0.0010498069459572434425354
-0.0010444559156894683837891
-0.0010389370145276188850403
-0.0010336561826989054679871
-0.0010282469447702169418335
-0.0010231148917227983474731
-0.0010177824879065155982971
-0.0010125819826498627662659
-0.0010074046440422534942627
-0.0010023979702964425086975
-0.0009973795386031270027161
-0.0009924235055223107337952
-0.0009873100789263844490051
-0.0009824826847761869430542
-0.0009775363141670823097229
-0.0009726197458803653717041
-0.0009679178474470973014832
-0.0009631367865949869155884
-0.0009584622457623481750488
-0.0009536365978419780731201
-0.0009490291704423725605011
-0.0009444203460589051246643
-0.0009398102411068975925446
-0.0009353475761599838733673
-0.0009308119188062846660614
-0.0009263514075428247451782
-0.0009219667408615350723267
-0.0009174384758807718753815
-0.0009132082923315465450287
-0.0009087989456020295619965
-0.0009046157938428223133087
-0.0009004022576846182346344
-0.0008960852865129709243774
-0.0008918495150282979011536
-0.0008878061780706048011780
-0.0008835881599225103855133
-0.0008795270114205777645111
-0.0008754397276788949966431
-0.0008714738069102168083191
-0.0008674461278133094310760
-0.0008635045960545539855957
-0.0008595396648161113262177
-0.0008556618122383952140808
-0.0008517618407495319843292
-0.0008478401578031480312347
-0.0008440812816843390464783
-0.0008403016254305839538574
-0.0008365393150597810745239
-0.0008327575633302330970764
-0.0008290672558359801769257
-0.0008254695567302405834198
-0.0008216698188334703445435
-0.0008180740987882018089294
-0.0008143514278344810009003
-0.0008109072805382311344147
-0.0008073375793173909187317
-0.0008037893567234277725220
-0.0008003007387742400169373
-0.0007968350546434521675110
-0.0007934295572340488433838
-0.0007899744086898863315582
-0.0007867278764024376869202
-0.0007832119590602815151215
-0.0007799052400514483451843
-0.0007764408364892005920410
-0.0007731867372058331966400
-0.0007699226844124495983124
-0.0007667226600460708141327
-0.0007634402136318385601044
-0.0007603699341416358947754
-0.0007571075693704187870026
-0.0007539112120866775512695
-0.0007507076370529830455780
-0.0007476445171050727367401
-0.0007445381488651037216187
-0.0007414623396471142768860
-0.0007383813499473035335541
-0.0007353688706643879413605
-0.0007323514437302947044373
-0.0007293664966709911823273
-0.0007263408624567091464996
-0.0007234954973682761192322
-0.0007204997236840426921844
-0.0007175750215537846088409
-0.0007146476418711245059967
-0.0007118655485101044178009
-0.0007089711143635213375092
-0.0007061492651700973510742
-0.0007032894063740968704224
-0.0007004655781202018260956
-0.0006977889570407569408417
-0.0006948912632651627063751
-0.0006921415915712714195251
-0.0006895028054714202880859
-0.0006867911433801054954529
-0.0006840445566922426223755
-0.0006814466905780136585236
-0.0006787406164221465587616
-0.0006760368705727159976959
-0.0006734458729624748229980
-0.0006708580185659229755402
-0.0006683102110400795936584
-0.0006656556506641209125519
-0.0006631887517869472503662
-0.0006606157403439283370972
-0.0006579736364074051380157
-0.0006555572617799043655396
-0.0006530717946588993072510
-0.0006505553610622882843018
-0.0006480808951891958713531
-0.0006457229610532522201538
-0.0006433340022340416908264
-0.0006408781046047806739807
-0.0006384657463058829307556
-0.0006360968691296875476837
-0.0006337355589494109153748
-0.0006313812918961048126221
-0.0006290347664617002010345
-0.0006266226992011070251465
-0.0006244395044632256031036
-0.0006220809882506728172302
-0.0006197678740136325359344
-0.0006174633745104074478149
-0.0006152421701699495315552
-0.0006129930261522531509399
-0.0006107908557169139385223
-0.0006085245986469089984894
-0.0006063420441932976245880
-0.0006041331216692924499512
-0.0006020081345923244953156
-0.0005998573033139109611511
-0.0005977172986604273319244
-0.0005954781663604080677032
-0.0005934711080044507980347
-0.0005913653876632452011108
-0.0005892714252695441246033
-0.0005871527246199548244476
-0.0005851567257195711135864
-0.0005829891306348145008087
-0.0005809444701299071311951
-0.0005788759444840252399445
-0.0005768937407992780208588
-0.0005748883122578263282776
-0.0005728961550630629062653
-0.0005709544639103114604950
-0.0005689529934898018836975
-0.0005669652018696069717407
-0.0005649918457493185997009
-0.0005629958468489348888397
-0.0005611618398688733577728
-0.0005591950030066072940826
-0.0005572799709625542163849
-0.0005554167437367141246796
-0.0005535321542993187904358
-0.0005515523371286690235138
-0.0005497353849932551383972
-0.0005478605744428932666779
-0.0005460751708596944808960
-0.0005441218963824212551117
-0.0005423320690169930458069
-0.0005405216361396014690399
-0.0005386910052038729190826
-0.0005369876162149012088776
-0.0005351169384084641933441
-0.0005334105226211249828339
-0.0005315740709193050861359
-0.0005298285395838320255280
-0.0005281373742036521434784
-0.0005263900384306907653809
-0.0005246237851679325103760
-0.0005229122471064329147339
-0.0005211818497627973556519
-0.0005195065750740468502045
-0.0005177757120691239833832
-0.0005161372828297317028046
-0.0005144070019014179706573
-0.0005127689219079911708832
-0.0005111497594043612480164
-0.0005095496308058500289917
-0.0005078951944597065448761
-0.0005062231211923062801361
-0.0005046073347330093383789
-0.0005030109314247965812683
-0.0005013975896872580051422
-0.0004998407093808054924011
-0.0004981934325769543647766
-0.0004966767155565321445465
-0.0004950328147970139980316
-0.0004935562610626220703125
-0.0004919165512546896934509
-0.0004904075176455080509186
-0.0004888456896878778934479
-0.0004873411089647561311722
-0.0004857840540353208780289
-0.0004842479829676449298859
-0.0004828433739021420478821
-0.0004813129198737442493439
-0.0004798037989530712366104
-0.0004783160402439534664154
-0.0004768497601617127656937
-0.0004754054534714668989182
-0.0004739827418234199285507
-0.0004724345926661044359207
-0.0004710191278718411922455
-0.0004695889656431972980499
-0.0004682175058405846357346
-0.0004667214525397866964340
-0.0004653581127058714628220
-0.0004639436374418437480927
-0.0004624414432328194379807
-0.0004611826734617352485657
-0.0004597628721967339515686
-0.0004584026464726775884628
-0.0004570288583636283874512
-0.0004556043713819235563278
-0.0004543135582935065031052
-0.0004528987919911742210388
-0.0004515442124102264642715
-0.0004502131487242877483368
-0.0004488320846576243638992
-0.0004476218018680810928345
-0.0004462513606995344161987
-0.0004449783591553568840027
-0.0004436187737155705690384
-0.0004423937934916466474533
-0.0004404453502502292394638
-0.0004379028396215289831161
-0.0004353474068921059370041
-0.0004328535869717597961426
-0.0004303483874537050724030
-0.0004279059066902846097946
-0.0004254714876879006624222
-0.0004230092745274305343628
-0.0004206485755275934934616
-0.0004182427073828876018524
-0.0004159026721026748418808
-0.0004135554190725088119507
-0.0004112567985430359840393
-0.0004089707508683204650879
-0.0004067156987730413675308
-0.0004045111418236047029495
-0.0004022652865387499332428
-0.0004000156477559357881546
-0.0003978363238275051116943
-0.0003956907894462347030640
-0.0003935245622415095567703
-0.0003914302797056734561920
-0.0003892975801136344671249
-0.0003872192755807191133499
-0.0003851405635941773653030
-0.0003830986388493329286575
-0.0003810943162534385919571
-0.0003790537884924560785294
-0.0003770332259591668844223
-0.0003750697942450642585754
-0.0003731452452484518289566
-0.0003711682802531868219376
-0.0003692679456435143947601
-0.0003673158935271203517914
-0.0003654597094282507896423
-0.0003635527100414037704468
-0.0003617056063376367092133
-0.0003598451730795204639435
-0.0003580086049623787403107
-0.0003561777411960065364838
-0.0003543898637872189283371
-0.0003526270156726241111755
-0.0003508525551296770572662
-0.0003491036768537014722824
-0.0003473442920949310064316
-0.0003456293197814375162125
-0.0003438675776124000549316
-0.0003421879664529114961624
-0.0003404988674446940422058
-0.0003388374170754104852676
-0.0003371854836586862802505
-0.0003355250228196382522583
-0.0003339299000799655914307
-0.0003323452547192573547363
-0.0003306794387754052877426
-0.0003290798340458422899246
-0.0003275283670518547296524
-0.0003259699442423880100250
-0.0003244052059017121791840
-0.0003228711138945072889328
-0.0003213493328075855970383
-0.0003197760088369250297546
-0.0003183075459674000740051
-0.0003168431576341390609741
-0.0003153554571326822042465
-0.0003138722968287765979767
-0.0003123757778666913509369
-0.0003109393292106688022614
-0.0003095174033660441637039
-0.0003080917813349515199661
-0.0003066810604650527238846
-0.0003052856773138046264648
-0.0003038872091565281152725
-0.0003025044279638677835464
-0.0003011191729456186294556
-0.0002997500705532729625702
-0.0002984340535476803779602
-0.0002970976929645985364914
-0.0002957598189823329448700
-0.0002944388252217322587967
-0.0002931166673079133033752
-0.0002918209938798099756241
-0.0002904969442170113325119
-0.0002892272896133363246918
-0.0002879574603866785764694
-0.0002867240109480917453766
-0.0002854170161299407482147
-0.0002842204994522035121918
-0.0002829506702255457639694
-0.0002817089844029396772385
-0.0002805048134177923202515
-0.0002793105959426611661911
-0.0002781084622256457805634
-0.0002769073180388659238815
-0.0002757167967502027750015
-0.0002745371020864695310593
-0.0002733774599619209766388
-0.0002722196804825216531754
-0.0002710546832531690597534
-0.0002699380856938660144806
-0.0002687961095944046974182
-0.0002676567528396844863892
-0.0002665292704477906227112
-0.0002654322015587240457535
-0.0002643197367433458566666
-0.0002632288960739970207214
-0.0002621502790134400129318
-0.0002610385126899927854538
-0.0002599946456030011177063
-0.0002589175710454583168030
-0.0002578813000582158565521
-0.0002568030904512852430344
-0.0002557749394327402114868
-0.0002547324402257800102234
-0.0002537129912525415420532
-0.0002526520402170717716217
-0.0002516324166208505630493
-0.0002506452728994190692902
-0.0002496445958968251943588
-0.0002486581506673246622086
-0.0002476493245922029018402
-0.0002466917212586849927902
-0.0002457028313074260950089
-0.0002447101869620382785797
-0.0002437507937429472804070
-0.0002428155130473896861076
-0.0002418493677396327257156
-0.0002409076259937137365341
-0.0002399444347247481346130
-0.0002390242589171975851059
-0.0002381195226917043328285
-0.0002371660957578569650650
-0.0002362651139264926314354
-0.0002353524614591151475906
-0.0002344465756323188543320
-0.0002335475292056798934937
-0.0002326645480934530496597
-0.0002317703911103308200836
-0.0002308833209099248051643
-0.0002299942862009629607201
-0.0002291770215379074215889
-0.0002282845089212059974670
-0.0002274269936606287956238
-0.0002265772782266139984131
-0.0002257261076010763645172
-0.0002248918754048645496368
-0.0002240656176581978797913
-0.0002231920952908694744110
-0.0002224095806013792753220
-0.0002215340937254950404167
-0.0002207680663559585809708
-0.0002199367881985381245613
-0.0002191231906181201338768
-0.0002183089090976864099503
-0.0002175308763980865478516
-0.0002167246857425197958946
-0.0002159366122214123606682
-0.0002151664812117815017700
-0.0002143870078725740313530
-0.0002135888789780437946320
-0.0002128643245669081807137
-0.0002120846183970570564270
-0.0002112956717610359191895
-0.0002105437597492709755898
-0.0002098379482049494981766
-0.0002090589550789445638657
-0.0002083170984406024217606
-0.0002075756201520562171936
-0.0002068806934403255581856
-0.0002061127888737246394157
-0.0002054098877124488353729
-0.0002046801964752376079559
-0.0002039603859884664416313
-0.0002032599149970337748528
-0.0002025418798439204692841
-0.0002018708764808252453804
-0.0002011550241149961948395
-0.0002004309644689783453941
-0.0001997542130993679165840
-0.0001990602468140423297882
-0.0001983861147891730070114
-0.0001976948260562494397163
-0.0001969958539120852947235
-0.0001963443501153960824013
-0.0001957129425136372447014
-0.0001950277801370248198509
-0.0001943811948876827955246
-0.0001936904445756226778030
-0.0001930473517859354615211
-0.0001923970121424645185471
-0.0001917485933518037199974
-0.0001911113067762926220894
-0.0001904394011944532394409
-0.0001898338668979704380035
-0.0001892028376460075378418
-0.0001885924866655841469765
-0.0001879476185422390699387
-0.0001873142027761787176132
-0.0001867199171101674437523
-0.0001861189084593206644058
-0.0001854743313742801547050
-0.0001848691899795085191727
-0.0001842664933064952492714
-0.0001836756418924778699875
-0.0001830690889619290828705
-0.0001825020153773948550224
-0.0001818917226046323776245
-0.0001812750269891694188118
-0.0001807072694646194577217
-0.0001801515754777938127518
-0.0001795620337361469864845
-0.0001789571688277646899223
-0.0001784013293217867612839
-0.0001778208970790728926659
-0.0001772712712408974766731
-0.0001766972709447145462036
-0.0001761448511388152837753
-0.0001755957346176728606224
-0.0001750223309500142931938
-0.0001744799228617921471596
-0.0001739133003866299986839
-0.0001733777171466499567032
-0.0001728364732116460800171
-0.0001722987071843817830086
-0.0001717645500320941209793
-0.0001711971854092553257942
-0.0001707162882667034864426
-0.0001701839209999889135361
-0.0001696460385574027895927
-0.0001691027428023517131805
-0.0001685908791841939091682
-0.0001680920540820807218552
-0.0001675603562034666538239
-0.0001670509518589824438095
-0.0001665455347392708063126
-0.0001660257257753983139992
-0.0001655191008467227220535
-0.0001650257909204810857773
-0.0001644997973926365375519
-0.0001640331902308389544487
-0.0001635155349504202604294
-0.0001630389015190303325653
-0.0001625481236260384321213
-0.0001620524708414450287819
-0.0001615795335965231060982
-0.0001610832841834053397179
-0.0001606007281225174665451
-0.0001601409021532163023949
-0.0001596672082087025046349
-0.0001591795444255694746971
-0.0001586964499438181519508
-0.0001582455297466367483139
-0.0001577623770572245121002
-0.0001573298068251460790634
-0.0001568559091538190841675
-0.0001563959376653656363487
-0.0001557326904730871319771
-0.0001548325089970603585243
-0.0001539239892736077308655
-0.0001530488079879432916641
-0.0001521565427538007497787
-0.0001512888411525636911392
-0.0001504183164797723293304
-0.0001495682663517072796822
-0.0001487111730966717004776
-0.0001478703634347766637802
-0.0001470459683332592248917
-0.0001462060899939388036728
-0.0001454106386518105864525
-0.0001445954549126327037811
-0.0001437975151930004358292
-0.0001430077973054721951485
-0.0001422219793312251567841
-0.0001414447324350476264954
-0.0001406625378876924514771
-0.0001398892636643722653389
-0.0001391389960190281271935
-0.0001383842754876241087914
-0.0001376436412101611495018
-0.0001368942903354763984680
-0.0001361593604087829589844
-0.0001354390697088092565536
-0.0001347289216937497258186
-0.0001340061135124415159225
-0.0001333168183919042348862
-0.0001326151250395923852921
-0.0001319196162512525916100
-0.0001312258682446554303169
-0.0001305569894611835479736
-0.0001298671268159523606300
-0.0001292070228373631834984
-0.0001285308680962771177292
-0.0001278893614653497934341
-0.0001272228109883144497871
-0.0001265727478312328457832
-0.0001259255805052816867828
-0.0001252997462870553135872
-0.0001246724423253908753395
-0.0001240529381902888417244
-0.0001234137598657980561256
-0.0001228103355970233678818
-0.0001221920392708852887154
-0.0001215774682350456714630
-0.0001209897309308871626854
-0.0001203920983243733644485
-0.0001198077807202935218811
-0.0001192045747302472591400
-0.0001186286463052965700626
-0.0001180525432573631405830
-0.0001174762801383621990681
-0.0001169184470199979841709
-0.0001163514898507855832577
-0.0001157939259428530931473
-0.0001152458426076918840408
-0.0001146798094850964844227
-0.0001141510365414433181286
-0.0001135998682002536952496
-0.0001130769742303527891636
-0.0001125502822105772793293
-0.0001120106608141213655472
-0.0001114811893785372376442
-0.0001109757722588256001472
-0.0001104485199903137981892
-0.0001099408764275722205639
-0.0001094299659598618745804
-0.0001089342258637771010399
-0.0001084307659766636788845
-0.0001079380745068192481995
-0.0001074424581020139157772
-0.0001069577265297994017601
-0.0001064702300936914980412
-0.0001059800197253935039043
-0.0001055101602105423808098
-0.0001050377031788229942322
-0.0001045674143824726343155
-0.0001040946954162791371346
-0.0001036334069794975221157
-0.0001031836945912800729275
-0.0001027087273541837930679
-0.0001022592623485252261162
-0.0001017939284793101251125
-0.0001013634100672788918018
-0.0001009171974146738648415
-0.0001004736695904284715652
-0.0001000375923467800021172
-0.0000996043818304315209389
-0.0000991786946542561054230
-0.0000987468010862357914448
-0.0000983409845503047108650
-0.0000979014948825351893902
-0.0000974881550064310431480
-0.0000970551045611500740051
-0.0000966483421507291495800
-0.0000962403355515561997890
-0.0000958403325057588517666
-0.0000954300267039798200130
-0.0000950462417677044868469
-0.0000946384461713023483753
-0.0000942389015108346939087
-0.0000938384546316228806973
-0.0000934555646381340920925
-0.0000930672686081379652023
-0.0000926827924558892846107
-0.0000922976687434129416943
-0.0000919211088330484926701
-0.0000915439304662868380547
-0.0000911708120838738977909
-0.0000907926078070886433125
-0.0000904369371710345149040
-0.0000900624654605053365231
-0.0000896968776942230761051
-0.0000893309552338905632496
-0.0000889831935637630522251
-0.0000886213892954401671886
-0.0000882686581462621688843
-0.0000879111757967621088028
-0.0000875581972650252282619
-0.0000872236196300946176052
-0.0000868614079081453382969
-0.0000865176989464089274406
-0.0000861878506839275360107
-0.0000858488929225131869316
-0.0000855055695865303277969
-0.0000851808363222517073154
-0.0000848425770527683198452
-0.0000845046088215894997120
-0.0000841807341203093528748
-0.0000838572523207403719425
-0.0000835387763800099492073
-0.0000832069563330151140690
-0.0000828985939733684062958
-0.0000825769675429910421371
-0.0000822467045509256422520
-0.0000819446577224880456924
-0.0000816339743323624134064
-0.0000813194201327860355377
-0.0000810101118986494839191
-0.0000807153701316565275192
-0.0000804167502792552113533
-0.0000801097630755975842476
-0.0000798082182882353663445
-0.0000795121086412109434605
-0.0000792169448686763644218
-0.0000789226614870131015778
-0.0000786293458077125251293
-0.0000783278374001383781433
-0.0000780549380579032003880
-0.0000777601235313341021538
-0.0000774709842517040669918
-0.0000771829218138009309769
-0.0000769052712712436914444
-0.0000766241282690316438675
-0.0000763488569646142423153
-0.0000760655748308636248112
-0.0000757927555241622030735
-0.0000755166402086615562439
-0.0000752510168240405619144
-0.0000749821629142388701439
-0.0000747146623325534164906
-0.0000744347707950510084629
-0.0000741838885005563497543
-0.0000739206734579056501389
-0.0000736589281586930155754
-0.0000733940905774943530560
-0.0000731445907149463891983
-0.0000728736413293518126011
-0.0000726180587662383913994
-0.0000723594930605031549931
-0.0000721117175999097526073
-0.0000718610390322282910347
-0.0000716120193828828632832
-0.0000713693079887889325619
-0.0000711191241862252354622
-0.0000708706502337008714676
-0.0000706239807186648249626
-0.0000703744808561168611050
-0.0000701452299836091697216
-0.0000698993753758259117603
-0.0000696599963703192770481
-0.0000694270929670892655849
-0.0000691915192874148488045
-0.0000689440421410836279392
-0.0000687169231241568922997
-0.0000684825718053616583347
-0.0000682593963574618101120
-0.0000680152370478026568890
-0.0000677915086271241307259
-0.0000675652045174501836300
-0.0000673363756504841148853
-0.0000671234520268626511097
-0.0000668896173010580241680
-0.0000666763153276406228542
-0.0000664467588649131357670
-0.0000662285674479790031910
-0.0000660171717754565179348
-0.0000657987548038363456726
-0.0000655779731459915637970
-0.0000653640308883041143417
-0.0000651477312203496694565
-0.0000649383218842558562756
-0.0000647219640086404979229
-0.0000645171603537164628506
-0.0000643008752376772463322
-0.0000640961152384988963604
-0.0000638937199255451560020
-0.0000636937038507312536240
-0.0000634868993074633181095
-0.0000632778901490382850170
-0.0000630759168416261672974
-0.0000628763664280995726585
-0.0000626746987109072506428
-0.0000624800886726006865501
-0.0000622741790721192955971
-0.0000620845894445665180683
-0.0000618791018496267497540
-0.0000616945326328277587891
-0.0000614895689068362116814
-0.0000613009397056885063648
-0.0000611057112109847366810
-0.0000609176386205945163965
-0.0000607230067544151097536
-0.0000605309978709556162357
-0.0000603554217377677559853
-0.0000601641149842180311680
-0.0000599754748691339045763
-0.0000597895050304941833019
-0.0000596062200202140957117
-0.0000594256816839333623648
-0.0000592478427279274910688
-0.0000590543240832630544901
-0.0000588773909839801490307
-0.0000586986207053996622562
-0.0000585271882300730794668
-0.0000583401815674733370543
-0.0000581697640882339328527
-0.0000579929546802304685116
-0.0000578051804041024297476
-0.0000576478341827169060707
-0.0000574703590245917439461
-0.0000573003308090846985579
-0.0000571286072954535484314
-0.0000569505464227404445410
-0.0000567891947866883128881
-0.0000566123489988967776299
-0.0000564430265512783080339
-0.0000562766435905359685421
-0.0000561040105822030454874
-0.0000559527252335101366043
-0.0000557814200874418020248
-0.0000556222948944196105003
-0.0000554523467144463211298
-0.0000552992241864558309317
-0.0000550556687812786549330
-0.0000547378549526911228895
-0.0000544184258615132421255
-0.0000541066983714699745178
-0.0000537935484317131340504
-0.0000534882383362855762243
-0.0000531839359609875828028
-0.0000528761593159288167953
-0.0000525810719409491866827
-0.0000522803384228609502316
-0.0000519878340128343552351
-0.0000516944273840636014938
-0.0000514070998178794980049
-0.0000511213438585400581360
-0.0000508394623466301709414
-0.0000505638927279505878687
-0.0000502831608173437416553
-0.0000500019559694919735193
-0.0000497295404784381389618
-0.0000494613486807793378830
-0.0000491905702801886945963
-0.0000489287849632091820240
-0.0000486621975142043083906
-0.0000484024094475898891687
-0.0000481425704492721706629
-0.0000478873298561666160822
-0.0000476367895316798239946
-0.0000473817235615570098162
-0.0000471291532448958605528
-0.0000468837242806330323219
-0.0000466431556560564786196
-0.0000463960350316483527422
-0.0000461584932054392993450
-0.0000459144866908900439739
-0.0000456824636785313487053
-0.0000454440887551754713058
-0.0000452132007922045886517
-0.0000449806466349400579929
-0.0000447510756202973425388
-0.0000445222176495008170605
-0.0000442987329734023660421
-0.0000440783769590780138969
-0.0000438565693912096321583
-0.0000436379596067126840353
-0.0000434180365118663758039
-0.0000432036649726796895266
-0.0000429834472015500068665
-0.0000427734958066139370203
-0.0000425623584305867552757
-0.0000423546771344263106585
-0.0000421481854573357850313
-0.0000419406278524547815323
-0.0000417412375099956989288
-0.0000415431568399071693420
-0.0000413349298469256609678
-0.0000411349792557302862406
-0.0000409410458814818412066
-0.0000407462430302985012531
-0.0000405506507377140223980
-0.0000403588892368134111166
-0.0000401686666009481996298
-0.0000399720011046156287193
-0.0000397884432459250092506
-0.0000396053947042673826218
-0.0000394194321415852755308
-0.0000392340371035970747471
-0.0000390469722333364188671
-0.0000388674161513336002827
-0.0000386896754207555204630
-0.0000385114726668689399958
-0.0000383351325581315904856
-0.0000381607096642255783081
-0.0000379859011445660144091
-0.0000378130534954834729433
-0.0000376398966182023286819
-0.0000374687588191591203213
-0.0000373042566934600472450
-0.0000371372116205748170614
-0.0000369699773727916181087
-0.0000368048531527165323496
-0.0000366395834134891629219
-0.0000364776242349762469530
-0.0000363121180271264165640
-0.0000361534112016670405865
-0.0000359946825483348220587
-0.0000358405013685114681721
-0.0000356771270162425935268
-0.0000355275624315254390240
-0.0000353688337781932204962
-0.0000352136230503674596548
-0.0000350631016772240400314
-0.0000349138244928326457739
-0.0000347635577782057225704
-0.0000346134147548582404852
-0.0000344645995937753468752
-0.0000343171377608086913824
-0.0000341721824952401220798
-0.0000340274600603152066469
-0.0000338818354066461324692
-0.0000337422607117332518101
-0.0000335995136993005871773
-0.0000334570941049605607986
-0.0000333161588059738278389
-0.0000331790251948405057192
-0.0000330399670929182320833
-0.0000329036120092496275902
-0.0000327687848766800016165
-0.0000326298140862490981817
-0.0000324993307003751397133
-0.0000323646963806822896004
-0.0000322351625072769820690
-0.0000321003863064106553793
-0.0000319718674290925264359
-0.0000318415550282225012779
-0.0000317141239065676927567
-0.0000315815050271339714527
-0.0000314540520776063203812
-0.0000313306591124273836613
-0.0000312055744871031492949
-0.0000310822688334155827761
-0.0000309561655740253627300
-0.0000308364651573356240988
-0.0000307128539134282618761
-0.0000305887733702547848225
-0.0000304688492178684100509
-0.0000303519391309237107635
-0.0000302311709674540907145
-0.0000301134532492142170668
-0.0000299930543405935168266
-0.0000298780323646496981382
-0.0000297649403364630416036
-0.0000296457619697321206331
-0.0000295331392408115789294
-0.0000294190576823893934488
-0.0000293058219540398567915
-0.0000291934411507099866867
-0.0000290830685116816312075
-0.0000289712988887913525105
-0.0000288604151137406006455
-0.0000287492857751203700900
-0.0000286471276922384276986
-0.0000285355636151507496834
-0.0000284283742075785994530
-0.0000283221597783267498016
-0.0000282157634501345455647
-0.0000281114844256080687046
-0.0000280082022072747349739
-0.0000278990119113586843014
-0.0000278011975751724094152
-0.0000276917617156868800521
-0.0000275960082944948226213
-0.0000274920985248172655702
-0.0000273903988272650167346
-0.0000272886136372108012438
-0.0000271913595497608184814
-0.0000270905857178149744868
-0.0000269920765276765450835
-0.0000268958101514726877213
-0.0000267983759840717539191
-0.0000266986098722554743290
-0.0000266080405708635225892
-0.0000265105772996321320534
-0.0000264119589701294898987
-0.0000263179699686588719487
-0.0000262297435256186872721
-0.0000261323693848680704832
-0.0000260396373050753027201
-0.0000259469525190070271492
-0.0000258600866800406947732
-0.0000257640986092155799270
-0.0000256762359640561044216
-0.0000255850245594047009945
-0.0000254950482485583052039
-0.0000254074893746292218566
-0.0000253177349804900586605
-0.0000252338595601031556726
-0.0000251443780143745243549
-0.0000250538705586222931743
-0.0000249692766374209895730
-0.0000248825308517552912235
-0.0000247982643486466258764
-0.0000247118532570311799645
-0.0000246244817390106618404
-0.0000245430437644245103002
-0.0000244641178142046555877
-0.0000243784725171281024814
-0.0000242976493609603494406
-0.0000242113055719528347254
-0.0000241309189732419326901
-0.0000240496265178080648184
-0.0000239685741689754649997
-0.0000238889133470365777612
-0.0000238049251493066549301
-0.0000237292333622463047504
-0.0000236503547057509422302
-0.0000235740608331980183721
-0.0000234934523177798837423
-0.0000234142753470223397017
-0.0000233399896387709304690
-0.0000232648635574150830507
-0.0000231842914217850193381
-0.0000231086487474385648966
-0.0000230333116633119061589
-0.0000229594552365597337484
-0.0000228836361202411353588
-0.0000228127519221743568778
-0.0000227364653255790472031
-0.0000226593783736461773515
-0.0000225884086830774322152
-0.0000225189469347242265940
-0.0000224452542170183733106
-0.0000223696461034705862403
-0.0000223001661652233451605
-0.0000222276121348841115832
-0.0000221589089051121845841
-0.0000220871588680893182755
-0.0000220181063923519104719
-0.0000219494668272091075778
-0.0000218777913687517866492
-0.0000218099903577240183949
-0.0000217391625483287498355
-0.0000216722146433312445879
-0.0000216045591514557600021
-0.0000215373383980477228761
-0.0000214705687540117651224
-0.0000213996481761569157243
-0.0000213395360333379358053
-0.0000212729901249986141920
-0.0000212057548196753486991
-0.0000211378428502939641476
-0.0000210738598980242386460
-0.0000210115067602600902319
-0.0000209450445254333317280
-0.0000208813689823728054762
-0.0000208181918424088507891
-0.0000207532157219247892499
-0.0000206898876058403402567
-0.0000206282238650601357222
-0.0000205624746740795671940
-0.0000205041487788548693061
-0.0000204394418688025325537
-0.0000203798626898787915707
-0.0000203185154532548040152
-0.0000202565588551806285977
-0.0000201974416995653882623
-0.0000201354105229256674647
-0.0000200750910153146833181
-0.0000200176127691520377994
-0.0000199584010260878130794
-0.0000198974430531961843371
-0.0000198370562429772689939
-0.0000197806912183295935392
-0.0000197202971321530640125
-0.0000196662258531432598829
-0.0000196069886442273855209
-0.0000195494922081707045436
-0.0000194665863091358914971
-0.0000193540636246325448155
-0.0000192404986592009663582
-0.0000191311009984929114580
-0.0000190195678442250937223
-0.0000189111051440704613924
-0.0000188022895599715411663
-0.0000186960332939634099603
-0.0000185888966370839625597
-0.0000184837954293470829725
-0.0000183807460416574031115
-0.0000182757612492423504591
-0.0000181763298314763233066
-0.0000180744318640790879726
-0.0000179746893991250544786
-0.0000178759746631840243936
-0.0000177777474164031445980
-0.0000176805915543809533119
-0.0000175828172359615564346
-0.0000174861579580465331674
-0.0000173923745023785158992
-0.0000172980344359530135989
-0.0000172054551512701436877
-0.0000171117862919345498085
-0.0000170199200510978698730
-0.0000169298837136011570692
-0.0000168411152117187157273
-0.0000167507641890551894903
-0.0000166646022989880293608
-0.0000165768906299490481615
-0.0000164899520314065739512
-0.0000164032335305819287896
-0.0000163196236826479434967
-0.0000162333908519940450788
-0.0000161508778546703979373
-0.0000160663585120346397161
-0.0000159861701831687241793
-0.0000159028513735393062234
-0.0000158215934789041057229
-0.0000157406975631602108479
-0.0000156624682858819141984
-0.0000155840552906738594174
-0.0000155066172737861052155
-0.0000154267199832247570157
-0.0000153512919496279209852
-0.0000152740049088606610894
-0.0000151971835293807089329
-0.0000151237163663608953357
-0.0000150490122905466705561
-0.0000149759725900366902351
-0.0000149005718412809073925
-0.0000148285807881620712578
-0.0000147565679071703925729
-0.0000146845350172952748835
-0.0000146148058774997480214
-0.0000145439362313481979072
-0.0000144742407428566366434
-0.0000144057303259614855051
-0.0000143349761856370605528
-0.0000142688795676804147661
-0.0000141999835250317119062
-0.0000141346217787940986454
-0.0000140687852763221599162
-0.0000140013326017651706934
-0.0000139351486723171547055
-0.0000138719715323532000184
-0.0000138060649987892247736
-0.0000137426095534465275705
-0.0000136787457449827343225
-0.0000136167782329721376300
-0.0000135538457470829598606
-0.0000134922593133524060249
-0.0000134303072627517394722
-0.0000133697158162249252200
-0.0000133087787617114372551
-0.0000132475024656741879880
-0.0000131887700263177976012
-0.0000131297128973528742790
-0.0000130709267978090792894
-0.0000130118369270348921418
-0.0000129541758724371902645
-0.0000128979618239100091159
-0.0000128385909192729741335
-0.0000127824077935656532645
-0.0000127242410599137656391
-0.0000126704262584098614752
-0.0000126146496768342331052
-0.0000125592086988035589457
-0.0000125046990433475002646
-0.0000124505477288039401174
-0.0000123973368317820131779
-0.0000123433501357794739306
-0.0000122926230687880888581
-0.0000122376868603168986738
-0.0000121860193758038803935
-0.0000121318880701437592506
-0.0000120810427688411436975
-0.0000120300419439445249736
-0.0000119800415632198564708
-0.0000119287533379974775016
-0.0000118807802209630608559
-0.0000118298057714127935469
-0.0000117798626888543367386
-0.0000117298068289528600872
-0.0000116819455797667615116
-0.0000116334085760172456503
-0.0000115853490569861605763
-0.0000115372085929266177118
-0.0000114901386041310615838
-0.0000114429913082858547568
-0.0000113963515104842372239
-0.0000113490759758860804141
-0.0000113046171463793143630
-0.0000112578081825631670654
-0.0000112121097117778845131
-0.0000111663694042363204062
-0.0000111228991954703815281
-0.0000110776736619300208986
-0.0000110335822682827711105
-0.0000109888969745952636003
-0.0000109447746581281535327
-0.0000109029524537618272007
-0.0000108576759885181672871
-0.0000108147123683011159301
-0.0000107734813354909420013
-0.0000107311116153141483665
-0.0000106881961983162909746
-0.0000106476045402814634144
-0.0000106053221315960399806
-0.0000105630761026986874640
-0.0000105225917650386691093
-0.0000104821565400925464928
-0.0000104423470475012436509
-0.0000104008695416268892586
-0.0000103623242466710507870
-0.0000103221209428738802671
-0.0000102808380688657052815
-0.0000102430822153110057116
-0.0000102042467915453016758
-0.0000101649275165982544422
-0.0000101262639873311854899
-0.0000100894212664570659399
-0.0000100520937849069014192
-0.0000100137203844496980309
-0.0000099760272860294207931
-0.0000099390135801513679326
-0.0000099021181085845455527
-0.0000098653326858766376972
-0.0000098286682259640656412
-0.0000097909796750172972679
-0.0000097568672572379000485
-0.0000097200154414167627692
-0.0000096838730314630083740
-0.0000096478652267251163721
-0.0000096131589089054614305
-0.0000095780160336289554834
-0.0000095436071205767802894
-0.0000095081968538579531014
-0.0000094740944405202753842
-0.0000094395800260826945305
-0.0000094063771030050702393
-0.0000093727703642798587680
-0.0000093393327915691770613
-0.0000093043463493813760579
-0.0000092729860625695437193
-0.0000092400841822382062674
-0.0000092073660198366269469
-0.0000091742613221867941320
-0.0000091430738393682986498
-0.0000091092051661689765751
-0.0000090772573457797989249
-0.0000090449366325628943741
-0.0000090139646999887190759
-0.0000089826298790285363793
-0.0000089515024228603579104
-0.0000089211634985986165702
-0.0000088898905232781544328
-0.0000088588312792126089334
-0.0000088279975898331031203
-0.0000087968101070146076381
-0.0000087681537479511462152
-0.0000087374219219782389700
-0.0000087074995462899096310
-0.0000086783866208861581981
-0.0000086489399109268561006
-0.0000086180052676354534924
-0.0000085896153905196115375
-0.0000085603214756702072918
-0.0000085324245446827262640
-0.0000085019046309753321111
-0.0000084739385783905163407
-0.0000084456505646812729537
-0.0000084170469563105143607
-0.0000083904315033578313887
-0.0000083612021626322530210
-0.0000083345394159550778568
-0.0000083058448581141419709
-0.0000082785709309973753989
-0.0000082521464719320647418
-0.0000082248443504795432091
-0.0000081972466432489454746
-0.0000081705038610380142927
-0.0000081434664025437086821
-0.0000081172902355319820344
-0.0000080902455010800622404
-0.0000080646450442145578563
-0.0000080376094047096557915
-0.0000080120144048123620450
-0.0000079867149906931445003
-0.0000079617129813414067030
-0.0000079358624134329147637
-0.0000079097362686297856271
-0.0000078844896052032709122
-0.0000078595458035124465823
-0.0000078343373388634063303
-0.0000078100110840750858188
-0.0000077842723840149119496
-0.0000077605736805708147585
-0.0000077348877312033437192
-0.0000077118165791034698486
-0.0000076861961133545264602
-0.0000076626174632110632956
-0.0000076382139013730920851
-0.0000076147048275743145496
-0.0000075903758443018887192
-0.0000075663747338694520295
-0.0000075444277172209694982
-0.0000075205143730272538960
-0.0000074969343586417380720
-0.0000074736881288117729127
-0.0000074507775025267619640
-0.0000074282102104916702956
-0.0000074059803409909363836
-0.0000073817905104078818113
-0.0000073596738729975186288
-0.0000073373275881749577820
-0.0000073158985287591349334
-0.0000072925226959341671318
-0.0000072712205110292416066
-0.0000072491193350288085639
-0.0000072256475505128037184
-0.0000072059792728396132588
-0.0000071837948780739679933
-0.0000071625413511355873197
-0.0000071410759119316935539
-0.0000071188183028425555676
-0.0000070986493483360391110
-0.0000070765436248620972037
-0.0000070553783189097885042
-0.0000070345804488169960678
-0.0000070130013227753806859
-0.0000069940906541887670755
-0.0000069726775109302252531
-0.0000069527868618024513125
-0.0000069315433393057901412
-0.0000069124030233069788665
