-11386774528.0000000000000000000000000
-11080690688.0000000000000000000000000
-10784008192.0000000000000000000000000
-10496456704.0000000000000000000000000
-10217542656.0000000000000000000000000
-9947049984.0000000000000000000000000
-9684704256.0000000000000000000000000
-9430269952.0000000000000000000000000
-9183546368.0000000000000000000000000
-8943969280.0000000000000000000000000
-8711622656.0000000000000000000000000
-8486198272.0000000000000000000000000
-8267393024.0000000000000000000000000
-8054879744.0000000000000000000000000
-7848731136.0000000000000000000000000
-7648559104.0000000000000000000000000
-7454214144.0000000000000000000000000
-7265423872.0000000000000000000000000
-7082198016.0000000000000000000000000
-6904060928.0000000000000000000000000
-6731202560.0000000000000000000000000
-6563165184.0000000000000000000000000
-6399912448.0000000000000000000000000
-6241310720.0000000000000000000000000
-6087160320.0000000000000000000000000
-5937383936.0000000000000000000000000
-5791822848.0000000000000000000000000
-5650235392.0000000000000000000000000
-5512643072.0000000000000000000000000
-5378885120.0000000000000000000000000
-5248777728.0000000000000000000000000
-5122320896.0000000000000000000000000
-4999289856.0000000000000000000000000
-4879600640.0000000000000000000000000
-4763231232.0000000000000000000000000
-4649944576.0000000000000000000000000
-4539828224.0000000000000000000000000
-4432573440.0000000000000000000000000
-4328316928.0000000000000000000000000
-4226738944.0000000000000000000000000
-4127996416.0000000000000000000000000
-4031827968.0000000000000000000000000
-3938166784.0000000000000000000000000
-3847045888.0000000000000000000000000
-3758305792.0000000000000000000000000
-3671825920.0000000000000000000000000
-3587730176.0000000000000000000000000
-3505735168.0000000000000000000000000
-3425953536.0000000000000000000000000
-3348203520.0000000000000000000000000
-3272474368.0000000000000000000000000
-3198674944.0000000000000000000000000
-3126814464.0000000000000000000000000
-3056731392.0000000000000000000000000
-2988493312.0000000000000000000000000
-2921947904.0000000000000000000000000
-2857123840.0000000000000000000000000
-2793886720.0000000000000000000000000
-2732265728.0000000000000000000000000
-2672247296.0000000000000000000000000
-2613666816.0000000000000000000000000
-2556592128.0000000000000000000000000
-2500909056.0000000000000000000000000
-2446633728.0000000000000000000000000
-2393681664.0000000000000000000000000
-2342059008.0000000000000000000000000
-2291671552.0000000000000000000000000
-2242513920.0000000000000000000000000
-2194572032.0000000000000000000000000
-2147800576.0000000000000000000000000
-2102144512.0000000000000000000000000
-2057638912.0000000000000000000000000
-2014177920.0000000000000000000000000
-1971766144.0000000000000000000000000
-1930368256.0000000000000000000000000
-1889967744.0000000000000000000000000
-1850524416.0000000000000000000000000
-1812027008.0000000000000000000000000
-1774439296.0000000000000000000000000
-1737745152.0000000000000000000000000
-1701917696.0000000000000000000000000
-1666916224.0000000000000000000000000
-1632748416.0000000000000000000000000
-1599363072.0000000000000000000000000
-1566768128.0000000000000000000000000
-1534941952.0000000000000000000000000
-1503817216.0000000000000000000000000
-1473447424.0000000000000000000000000
-1443749888.0000000000000000000000000
-1414747776.0000000000000000000000000
-1386403200.0000000000000000000000000
-1358709504.0000000000000000000000000
-1331659136.0000000000000000000000000
-1305209088.0000000000000000000000000
-1279356928.0000000000000000000000000
-1254085120.0000000000000000000000000
-1229386112.0000000000000000000000000
-1205251840.0000000000000000000000000
-1181644544.0000000000000000000000000
-1158571136.0000000000000000000000000
-1136019072.0000000000000000000000000
-1113939712.0000000000000000000000000
-1092375552.0000000000000000000000000
-1071268032.0000000000000000000000000
-1050644352.0000000000000000000000000
-1030471168.0000000000000000000000000
-1010729536.0000000000000000000000000
-991417088.0000000000000000000000000
-972524928.0000000000000000000000000
-954044736.0000000000000000000000000
-935988224.0000000000000000000000000
-918286464.0000000000000000000000000
-900996480.0000000000000000000000000
-884051328.0000000000000000000000000
-867493568.0000000000000000000000000
-851263296.0000000000000000000000000
-835392704.0000000000000000000000000
-819870336.0000000000000000000000000
-804662208.0000000000000000000000000
-789779776.0000000000000000000000000
-775204032.0000000000000000000000000
-760946304.0000000000000000000000000
-746977472.0000000000000000000000000
-733313920.0000000000000000000000000
-719918848.0000000000000000000000000
-706808448.0000000000000000000000000
-693966272.0000000000000000000000000
-681400832.0000000000000000000000000
-669093120.0000000000000000000000000
-657031232.0000000000000000000000000
-645226368.0000000000000000000000000
-633661824.0000000000000000000000000
-622328320.0000000000000000000000000
-611229440.0000000000000000000000000
-600348224.0000000000000000000000000
-589703360.0000000000000000000000000
-579262592.0000000000000000000000000
-569032128.0000000000000000000000000
-559012480.0000000000000000000000000
-549191936.0000000000000000000000000
-539563520.0000000000000000000000000
-530125632.0000000000000000000000000
-520893984.0000000000000000000000000
-511828960.0000000000000000000000000
-502948896.0000000000000000000000000
-494241760.0000000000000000000000000
-485708256.0000000000000000000000000
-477341344.0000000000000000000000000
-469144352.0000000000000000000000000
-461100064.0000000000000000000000000
-453216704.0000000000000000000000000
-445492256.0000000000000000000000000
-437909600.0000000000000000000000000
-430479392.0000000000000000000000000
-423187104.0000000000000000000000000
-416040608.0000000000000000000000000
-409030592.0000000000000000000000000
-402158560.0000000000000000000000000
-395415040.0000000000000000000000000
-388795424.0000000000000000000000000
-382311520.0000000000000000000000000
-375947296.0000000000000000000000000
-369701984.0000000000000000000000000
-363578592.0000000000000000000000000
-357568544.0000000000000000000000000
-351668640.0000000000000000000000000
-345882912.0000000000000000000000000
-340205600.0000000000000000000000000
-334631840.0000000000000000000000000
-329164640.0000000000000000000000000
-323799328.0000000000000000000000000
-318533632.0000000000000000000000000
-313365408.0000000000000000000000000
-308293824.0000000000000000000000000
-303315296.0000000000000000000000000
-298428960.0000000000000000000000000
-293632576.0000000000000000000000000
-288923872.0000000000000000000000000
-284299456.0000000000000000000000000
-279760832.0000000000000000000000000
-275303264.0000000000000000000000000
-270926944.0000000000000000000000000
-266630992.0000000000000000000000000
-262414368.0000000000000000000000000
-258269776.0000000000000000000000000
-254202448.0000000000000000000000000
-250206416.0000000000000000000000000
-246284400.0000000000000000000000000
-242434096.0000000000000000000000000
-238649456.0000000000000000000000000
-234932000.0000000000000000000000000
-231278064.0000000000000000000000000
-227695552.0000000000000000000000000
-224170736.0000000000000000000000000
-220711344.0000000000000000000000000
-217311392.0000000000000000000000000
-213968448.0000000000000000000000000
-210689056.0000000000000000000000000
-207463296.0000000000000000000000000
-204298976.0000000000000000000000000
-201184848.0000000000000000000000000
-198124944.0000000000000000000000000
-195120624.0000000000000000000000000
-192168352.0000000000000000000000000
-189265696.0000000000000000000000000
-186412880.0000000000000000000000000
-183608752.0000000000000000000000000
-180851616.0000000000000000000000000
-178144752.0000000000000000000000000
-175483920.0000000000000000000000000
-172867344.0000000000000000000000000
-170293904.0000000000000000000000000
-167766288.0000000000000000000000000
-165278944.0000000000000000000000000
-162835168.0000000000000000000000000
-160432528.0000000000000000000000000
-158073120.0000000000000000000000000
-155749392.0000000000000000000000000
-153464736.0000000000000000000000000
-151221104.0000000000000000000000000
-149011680.0000000000000000000000000
-146842256.0000000000000000000000000
-144704128.0000000000000000000000000
-142606208.0000000000000000000000000
-140541712.0000000000000000000000000
-138510688.0000000000000000000000000
-136513936.0000000000000000000000000
-134551520.0000000000000000000000000
-132615936.0000000000000000000000000
-130714920.0000000000000000000000000
-128847288.0000000000000000000000000
-127006792.0000000000000000000000000
-125197976.0000000000000000000000000
-123419616.0000000000000000000000000
-121666824.0000000000000000000000000
-119945968.0000000000000000000000000
-118252056.0000000000000000000000000
-116584584.0000000000000000000000000
-114942968.0000000000000000000000000
-113328576.0000000000000000000000000
-111738920.0000000000000000000000000
-110178560.0000000000000000000000000
-108639944.0000000000000000000000000
-107125688.0000000000000000000000000
-105636520.0000000000000000000000000
-104170544.0000000000000000000000000
-102727904.0000000000000000000000000
-101309296.0000000000000000000000000
-99911584.0000000000000000000000000
-98536120.0000000000000000000000000
-97181072.0000000000000000000000000
-95849024.0000000000000000000000000
-94536272.0000000000000000000000000
-93246016.0000000000000000000000000
-91972624.0000000000000000000000000
-90722496.0000000000000000000000000
-88959176.0000000000000000000000000
-86567896.0000000000000000000000000
-84250064.0000000000000000000000000
-82003568.0000000000000000000000000
-79824552.0000000000000000000000000
-77711328.0000000000000000000000000
-75661752.0000000000000000000000000
-73673984.0000000000000000000000000
-71746456.0000000000000000000000000
-69874760.0000000000000000000000000
-68059552.0000000000000000000000000
-66298424.0000000000000000000000000
-64589008.0000000000000000000000000
-62928748.0000000000000000000000000
-61318212.0000000000000000000000000
-59754368.0000000000000000000000000
-58236048.0000000000000000000000000
-56761124.0000000000000000000000000
-55329672.0000000000000000000000000
-53937976.0000000000000000000000000
-52587520.0000000000000000000000000
-51274728.0000000000000000000000000
-49999316.0000000000000000000000000
-48760240.0000000000000000000000000
-47555940.0000000000000000000000000
-46385812.0000000000000000000000000
-45248616.0000000000000000000000000
-44142464.0000000000000000000000000
-43067524.0000000000000000000000000
-42022540.0000000000000000000000000
-41006076.0000000000000000000000000
-40018132.0000000000000000000000000
-39056952.0000000000000000000000000
-38121880.0000000000000000000000000
-37212744.0000000000000000000000000
-36327692.0000000000000000000000000
-35467408.0000000000000000000000000
-34629480.0000000000000000000000000
-33814976.0000000000000000000000000
-33021398.0000000000000000000000000
-32249972.0000000000000000000000000
-31498656.0000000000000000000000000
-30766928.0000000000000000000000000
-30055046.0000000000000000000000000
-29361764.0000000000000000000000000
-28686140.0000000000000000000000000
-28029142.0000000000000000000000000
-27388556.0000000000000000000000000
-26765262.0000000000000000000000000
-26157840.0000000000000000000000000
-25566206.0000000000000000000000000
-24989648.0000000000000000000000000
-24428238.0000000000000000000000000
-23880714.0000000000000000000000000
-23347604.0000000000000000000000000
-22827718.0000000000000000000000000
-22321280.0000000000000000000000000
-21827240.0000000000000000000000000
-21345826.0000000000000000000000000
-20876932.0000000000000000000000000
-20419272.0000000000000000000000000
-19973376.0000000000000000000000000
-19538352.0000000000000000000000000
-19114326.0000000000000000000000000
-18700638.0000000000000000000000000
-18297336.0000000000000000000000000
-17903684.0000000000000000000000000
-17519640.0000000000000000000000000
-17145094.0000000000000000000000000
-16779692.0000000000000000000000000
-16423004.0000000000000000000000000
-16075304.0000000000000000000000000
-15735765.0000000000000000000000000
-15404423.0000000000000000000000000
-15081002.0000000000000000000000000
-14765373.0000000000000000000000000
-14457222.0000000000000000000000000
-14156461.0000000000000000000000000
-13862807.0000000000000000000000000
-13576134.0000000000000000000000000
-13296232.0000000000000000000000000
-13022783.0000000000000000000000000
-12755847.0000000000000000000000000
-12495024.0000000000000000000000000
-12240376.0000000000000000000000000
-11991734.0000000000000000000000000
-11748572.0000000000000000000000000
-11511308.0000000000000000000000000
-11279296.0000000000000000000000000
-11052717.0000000000000000000000000
-10831275.0000000000000000000000000
-10614918.0000000000000000000000000
-10403587.0000000000000000000000000
-10196946.0000000000000000000000000
-9994976.0000000000000000000000000
-9797540.0000000000000000000000000
-9604579.0000000000000000000000000
-9416030.0000000000000000000000000
-9231598.0000000000000000000000000
-9051337.0000000000000000000000000
-8875149.0000000000000000000000000
-8702654.0000000000000000000000000
-8534184.0000000000000000000000000
-8369281.5000000000000000000000000
-8208159.0000000000000000000000000
-8050556.0000000000000000000000000
-7896324.5000000000000000000000000
-7745446.0000000000000000000000000
-7597851.0000000000000000000000000
-7453474.5000000000000000000000000
-7312408.0000000000000000000000000
-7174113.0000000000000000000000000
-7039035.0000000000000000000000000
-6906651.0000000000000000000000000
-6777293.5000000000000000000000000
-6650494.5000000000000000000000000
-6526505.5000000000000000000000000
-6405237.0000000000000000000000000
-6286423.5000000000000000000000000
-6170154.5000000000000000000000000
-6056281.5000000000000000000000000
-5944893.0000000000000000000000000
-5835761.5000000000000000000000000
-5729015.0000000000000000000000000
-5624366.0000000000000000000000000
-5521941.0000000000000000000000000
-5421611.5000000000000000000000000
-5323444.0000000000000000000000000
-5227290.0000000000000000000000000
-5133056.5000000000000000000000000
-5040831.0000000000000000000000000
-4950483.0000000000000000000000000
-4861940.0000000000000000000000000
-4775230.0000000000000000000000000
-4690220.5000000000000000000000000
-4607057.5000000000000000000000000
-4525489.0000000000000000000000000
-4445563.5000000000000000000000000
-4367285.0000000000000000000000000
-4290562.0000000000000000000000000
-4215340.0000000000000000000000000
-4141606.5000000000000000000000000
-4069484.2500000000000000000000000
-3998663.7500000000000000000000000
-3929288.2500000000000000000000000
-3861263.7500000000000000000000000
-3794595.7500000000000000000000000
-3729229.2500000000000000000000000
-3665190.2500000000000000000000000
-3602344.2500000000000000000000000
-3540755.5000000000000000000000000
-3480408.2500000000000000000000000
-3421168.7500000000000000000000000
-3363120.2500000000000000000000000
-3306149.2500000000000000000000000
-3250317.2500000000000000000000000
-3195551.5000000000000000000000000
-3141863.7500000000000000000000000
-3089180.0000000000000000000000000
-3037464.2500000000000000000000000
-2986808.7500000000000000000000000
-2937088.2500000000000000000000000
-2888296.7500000000000000000000000
-2840457.7500000000000000000000000
-2793504.2500000000000000000000000
-2747411.2500000000000000000000000
-2702210.2500000000000000000000000
-2657856.2500000000000000000000000
-2614311.2500000000000000000000000
-2571598.7500000000000000000000000
-2529682.2500000000000000000000000
-2488544.0000000000000000000000000
-2448167.2500000000000000000000000
-2408545.5000000000000000000000000
-2369650.7500000000000000000000000
-2331476.2500000000000000000000000
-2294004.5000000000000000000000000
-2257217.7500000000000000000000000
-2221089.5000000000000000000000000
-2185631.5000000000000000000000000
-2150806.7500000000000000000000000
-2116616.7500000000000000000000000
-2083054.6250000000000000000000000
-2050112.2500000000000000000000000
-2017732.6250000000000000000000000
-1985956.6250000000000000000000000
-1954737.6250000000000000000000000
-1924096.8750000000000000000000000
-1894016.3750000000000000000000000
-1864448.8750000000000000000000000
-1835406.2500000000000000000000000
-1806859.8750000000000000000000000
-1778871.5000000000000000000000000
-1751333.8750000000000000000000000
-1724307.3750000000000000000000000
-1697745.2500000000000000000000000
-1671628.5000000000000000000000000
-1646008.2500000000000000000000000
-1620807.0000000000000000000000000
-1596085.7500000000000000000000000
-1571756.6250000000000000000000000
-1547851.1250000000000000000000000
-1524379.8750000000000000000000000
-1501315.2500000000000000000000000
-1478638.2500000000000000000000000
-1456350.6250000000000000000000000
-1434443.3750000000000000000000000
-1412903.2500000000000000000000000
-1391755.8750000000000000000000000
-1370968.1250000000000000000000000
-1350526.1250000000000000000000000
-1330421.1250000000000000000000000
-1310674.1250000000000000000000000
-1291241.7500000000000000000000000
-1272149.7500000000000000000000000
-1253379.1250000000000000000000000
-1234946.2500000000000000000000000
-1216792.1250000000000000000000000
-1198943.2500000000000000000000000
-1181414.8750000000000000000000000
-1164153.7500000000000000000000000
-1147205.1250000000000000000000000
-1130501.0000000000000000000000000
-1114111.0000000000000000000000000
-1097982.1250000000000000000000000
-1082114.7500000000000000000000000
-1066515.1250000000000000000000000
-1051183.7500000000000000000000000
-1036062.0000000000000000000000000
-1021210.3125000000000000000000000
-1006619.4375000000000000000000000
-992240.5625000000000000000000000
-978109.1875000000000000000000000
-964215.7500000000000000000000000
-950522.0625000000000000000000000
-937077.8750000000000000000000000
-923844.1875000000000000000000000
-910817.0625000000000000000000000
-897991.9375000000000000000000000
-885379.5000000000000000000000000
-872960.3125000000000000000000000
-860770.0000000000000000000000000
-848749.5625000000000000000000000
-836919.4375000000000000000000000
-825285.3125000000000000000000000
-813832.3750000000000000000000000
-802561.7500000000000000000000000
-791478.8750000000000000000000000
-780559.2500000000000000000000000
-769813.4375000000000000000000000
-759227.1250000000000000000000000
-748820.5000000000000000000000000
-738564.6250000000000000000000000
-728484.5000000000000000000000000
-718536.1250000000000000000000000
-708769.5000000000000000000000000
-694993.5625000000000000000000000
-676311.6875000000000000000000000
-658203.6250000000000000000000000
-640652.8750000000000000000000000
-623629.3125000000000000000000000
-607119.7500000000000000000000000
-591107.4375000000000000000000000
-575578.0000000000000000000000000
-560519.1875000000000000000000000
-545896.5625000000000000000000000
-531715.2500000000000000000000000
-517956.4375000000000000000000000
-504601.6250000000000000000000000
-491630.8437500000000000000000000
-479048.5312500000000000000000000
-466831.0000000000000000000000000
-454969.1250000000000000000000000
-443446.2812500000000000000000000
-432263.0625000000000000000000000
-421390.4375000000000000000000000
-410840.0000000000000000000000000
-400583.8125000000000000000000000
-390619.6562500000000000000000000
-380939.3750000000000000000000000
-371530.7812500000000000000000000
-362389.1562500000000000000000000
-353504.8125000000000000000000000
-344863.0000000000000000000000000
-336465.0312500000000000000000000
-328301.0937500000000000000000000
-320359.9687500000000000000000000
-312641.6562500000000000000000000
-305132.4375000000000000000000000
-297827.1875000000000000000000000
-290724.5625000000000000000000000
-283810.0937500000000000000000000
-277089.1250000000000000000000000
-270542.8125000000000000000000000
-264179.5000000000000000000000000
-257979.6718750000000000000000000
-251952.9062500000000000000000000
-246083.2500000000000000000000000
-240366.6250000000000000000000000
-234805.0468750000000000000000000
-229388.7812500000000000000000000
-224110.4687500000000000000000000
-218977.6718750000000000000000000
-213973.0937500000000000000000000
-209103.6093750000000000000000000
-204358.1250000000000000000000000
-199735.9843750000000000000000000
-195231.6250000000000000000000000
-190845.6093750000000000000000000
-186568.0781250000000000000000000
-182403.1562500000000000000000000
-178341.5468750000000000000000000
-174385.0000000000000000000000000
-170525.3125000000000000000000000
-166764.2656250000000000000000000
-163101.0312500000000000000000000
-159525.5625000000000000000000000
-156042.0000000000000000000000000
-152643.3750000000000000000000000
-149330.6718750000000000000000000
-146098.7343750000000000000000000
-142947.9375000000000000000000000
-139872.5312500000000000000000000
-136872.1875000000000000000000000
-133946.0468750000000000000000000
-131091.3437500000000000000000000
-128304.7187500000000000000000000
-125588.3125000000000000000000000
-122935.6640625000000000000000000
-120347.0546875000000000000000000
-117820.3281250000000000000000000
-115354.4765625000000000000000000
-112947.0468750000000000000000000
-110597.3515625000000000000000000
-108303.1796875000000000000000000
-106063.5468750000000000000000000
-103876.8125000000000000000000000
-101740.4921875000000000000000000
-99655.0546875000000000000000000
-97617.3750000000000000000000000
-95627.9375000000000000000000000
-93685.4218750000000000000000000
-91785.7187500000000000000000000
-89932.0937500000000000000000000
-88119.5000000000000000000000000
-86349.3515625000000000000000000
-84619.3359375000000000000000000
-82929.0468750000000000000000000
-81278.0234375000000000000000000
-79663.6406250000000000000000000
-78085.7500000000000000000000000
-76543.2812500000000000000000000
-75035.7734375000000000000000000
-73562.7343750000000000000000000
-72121.8593750000000000000000000
-70713.5703125000000000000000000
-69337.1015625000000000000000000
-67989.4843750000000000000000000
-66673.3125000000000000000000000
-65385.0117187500000000000000000
-64126.2421875000000000000000000
-62894.9687500000000000000000000
-61690.0351562500000000000000000
-60511.2968750000000000000000000
-59358.2109375000000000000000000
-58230.2695312500000000000000000
-57128.1875000000000000000000000
-56047.7578125000000000000000000
-54992.4609375000000000000000000
-53958.2109375000000000000000000
-52947.6054687500000000000000000
-51956.9882812500000000000000000
-50988.3242187500000000000000000
-50040.9140625000000000000000000
-49112.6835937500000000000000000
-48204.3320312500000000000000000
-47314.6992187500000000000000000
-46444.4765625000000000000000000
-45591.8867187500000000000000000
-44757.9296875000000000000000000
-43940.3593750000000000000000000
-43140.1640625000000000000000000
-42356.3398437500000000000000000
-41589.4062500000000000000000000
-40838.2031250000000000000000000
-40102.0039062500000000000000000
-39381.4921875000000000000000000
-38675.6484375000000000000000000
-37983.9062500000000000000000000
-37306.4843750000000000000000000
-36642.3476562500000000000000000
-35992.6367187500000000000000000
-35355.3828125000000000000000000
-34730.9648437500000000000000000
-34119.4140625000000000000000000
-33520.0156250000000000000000000
-32932.3437500000000000000000000
-32356.3007812500000000000000000
-31792.8457031250000000000000000
-31239.5605468750000000000000000
-30697.5644531250000000000000000
-30166.1230468750000000000000000
-29645.2792968750000000000000000
-29134.6035156250000000000000000
-28634.2988281250000000000000000
-28143.3144531250000000000000000
-27662.1523437500000000000000000
-27190.6894531250000000000000000
-26727.8808593750000000000000000
-26274.3769531250000000000000000
-25829.2910156250000000000000000
-25393.1035156250000000000000000
-24965.2460937500000000000000000
-24545.8105468750000000000000000
-24134.2187500000000000000000000
-23730.1894531250000000000000000
-23334.4433593750000000000000000
-22946.0019531250000000000000000
-22564.8183593750000000000000000
-22191.0761718750000000000000000
-21824.2519531250000000000000000
-21464.1503906250000000000000000
-21111.0175781250000000000000000
-20764.5019531250000000000000000
-20424.3066406250000000000000000
-20090.6152343750000000000000000
-19763.1425781250000000000000000
-19441.7500000000000000000000000
-19126.3066406250000000000000000
-18816.7617187500000000000000000
-18512.8964843750000000000000000
-18214.6582031250000000000000000
-17921.9101562500000000000000000
-17634.5136718750000000000000000
-17352.2617187500000000000000000
-17075.2460937500000000000000000
-16803.1777343750000000000000000
-16536.0683593750000000000000000
-16273.8642578125000000000000000
-16016.5019531250000000000000000
-15763.5361328125000000000000000
-15515.2861328125000000000000000
-15271.3876953125000000000000000
-15032.0068359375000000000000000
-14797.0029296875000000000000000
-14566.0068359375000000000000000
-14339.1113281250000000000000000
-14116.0927734375000000000000000
-13897.4335937500000000000000000
-13682.2958984375000000000000000
-13471.1513671875000000000000000
-13263.6347656250000000000000000
-13059.5976562500000000000000000
-12859.4394531250000000000000000
-12662.5546875000000000000000000
-12469.4199218750000000000000000
-12279.3486328125000000000000000
-12092.5869140625000000000000000
-11909.2177734375000000000000000
-11729.0253906250000000000000000
-11551.8613281250000000000000000
-11377.7392578125000000000000000
-11206.5888671875000000000000000
-11038.3066406250000000000000000
-10873.0927734375000000000000000
-10710.6884765625000000000000000
-10550.9853515625000000000000000
-10393.9150390625000000000000000
-10239.6416015625000000000000000
-10087.8261718750000000000000000
-9938.6699218750000000000000000
-9792.0244140625000000000000000
-9648.0175781250000000000000000
-9506.1884765625000000000000000
-9366.7441406250000000000000000
-9229.8037109375000000000000000
-9094.9511718750000000000000000
-8962.5400390625000000000000000
-8832.0390625000000000000000000
-8703.9921875000000000000000000
-8577.9853515625000000000000000
-8454.0214843750000000000000000
-8332.1494140625000000000000000
-8212.3730468750000000000000000
-8094.2343750000000000000000000
-7978.2055664062500000000000000
-7864.2143554687500000000000000
-7751.8793945312500000000000000
-7641.4780273437500000000000000
-7532.9355468750000000000000000
-7425.9536132812500000000000000
-7320.9208984375000000000000000
-7217.5327148437500000000000000
-7115.7583007812500000000000000
-7015.5620117187500000000000000
-6917.0273437500000000000000000
-6820.0024414062500000000000000
-6724.7656250000000000000000000
-6630.8559570312500000000000000
-6538.4331054687500000000000000
-6447.5415039062500000000000000
-6358.0654296875000000000000000
-6270.0136718750000000000000000
-6183.4287109375000000000000000
-6098.1191406250000000000000000
-6014.1674804687500000000000000
-5931.4619140625000000000000000
-5850.1601562500000000000000000
-5770.0361328125000000000000000
-5691.2851562500000000000000000
-5613.5634765625000000000000000
-5537.2617187500000000000000000
-5429.6372070312500000000000000
-5283.6850585937500000000000000
-5142.2158203125000000000000000
-5005.1005859375000000000000000
-4872.1040039062500000000000000
-4743.1230468750000000000000000
-4618.0268554687500000000000000
-4496.7031250000000000000000000
-4379.0561523437500000000000000
-4264.8168945312500000000000000
-4154.0253906250000000000000000
-4046.5346679687500000000000000
-3942.2001953125000000000000000
-3840.8659667968750000000000000
-3742.5666503906250000000000000
-3647.1171875000000000000000000
-3554.4462890625000000000000000
-3464.4240722656250000000000000
-3377.0551757812500000000000000
-3292.1127929687500000000000000
-3209.6875000000000000000000000
-3129.5610351562500000000000000
-3051.7160644531250000000000000
-2976.0888671875000000000000000
-2902.5842285156250000000000000
-2831.1652832031250000000000000
-2761.7563476562500000000000000
-2694.2421875000000000000000000
-2628.6330566406250000000000000
-2564.8522949218750000000000000
-2502.8122558593750000000000000
-2442.5129394531250000000000000
-2383.8471679687500000000000000
-2326.7749023437500000000000000
-2271.2856445312500000000000000
-2217.2663574218750000000000000
-2164.7587890625000000000000000
-2113.6157226562500000000000000
-2063.9023437500000000000000000
-2015.4661865234375000000000000
-1968.3820800781250000000000000
-1922.5253906250000000000000000
-1877.8642578125000000000000000
-1834.4144287109375000000000000
-1792.0998535156250000000000000
-1750.8630371093750000000000000
-1710.7630615234375000000000000
-1671.6647949218750000000000000
-1633.6219482421875000000000000
-1596.5478515625000000000000000
-1560.4373779296875000000000000
-1525.2470703125000000000000000
-1490.9813232421875000000000000
-1457.5631103515625000000000000
-1425.0246582031250000000000000
-1393.2933349609375000000000000
-1362.3828125000000000000000000
-1332.2290039062500000000000000
-1302.8458251953125000000000000
-1274.2268066406250000000000000
-1246.2934570312500000000000000
-1219.0781250000000000000000000
-1192.5263671875000000000000000
-1166.6458740234375000000000000
-1141.3963623046875000000000000
-1116.7807617187500000000000000
-1092.7541503906250000000000000
-1069.3139648437500000000000000
-1046.4534912109375000000000000
-1024.1511230468750000000000000
-1002.3806152343750000000000000
-981.1586914062500000000000000
-960.4348754882812500000000000
-940.2113647460937500000000000
-920.4713134765625000000000000
-901.2068481445312500000000000
-882.3988037109375000000000000
-864.0418090820312500000000000
-846.1185913085937500000000000
-828.6214599609375000000000000
-811.5375976562500000000000000
-794.8475952148437500000000000
-778.5551147460937500000000000
-762.6357421875000000000000000
-747.0932617187500000000000000
-731.9173583984375000000000000
-717.0759277343750000000000000
-702.5944824218750000000000000
-688.4335937500000000000000000
-674.6043090820312500000000000
-661.0885620117187500000000000
-647.8831787109375000000000000
-634.9845581054687500000000000
-622.3721923828125000000000000
-610.0449218750000000000000000
-597.9943847656250000000000000
-586.2169799804687500000000000
-574.7088623046875000000000000
-563.4520263671875000000000000
-552.4497680664062500000000000
-541.6961059570312500000000000
-531.1678466796875000000000000
-520.8852539062500000000000000
-510.8204040527343750000000000
-500.9862670898437500000000000
-491.3669433593750000000000000
-481.9533996582031250000000000
-472.7445068359375000000000000
-463.7360229492187500000000000
-454.9239807128906250000000000
-446.3139648437500000000000000
-437.8731079101562500000000000
-429.6286010742187500000000000
-421.5485229492187500000000000
-413.6531677246093750000000000
-405.9139709472656250000000000
-398.3462829589843750000000000
-390.9446411132812500000000000
-383.6928405761718750000000000
-376.5963439941406250000000000
-369.6460876464843750000000000
-362.8474731445312500000000000
-356.1866149902343750000000000
-349.6713256835937500000000000
-343.2840576171875000000000000
-337.0325317382812500000000000
-330.9089050292968750000000000
-324.9172363281250000000000000
-319.0484619140625000000000000
-313.2969055175781250000000000
-307.6679077148437500000000000
-302.1535034179687500000000000
-296.7492675781250000000000000
-291.4569091796875000000000000
-286.2683410644531250000000000
-281.1924743652343750000000000
-276.2139282226562500000000000
-271.3356628417968750000000000
-266.5579223632812500000000000
-261.8751220703125000000000000
-257.2839355468750000000000000
-252.7835998535156250000000000
-248.3816070556640625000000000
-244.0590667724609375000000000
-239.8247222900390625000000000
-235.6728363037109375000000000
-231.6037445068359375000000000
-227.6140899658203125000000000
-223.7054595947265625000000000
-219.8696441650390625000000000
-216.1105651855468750000000000
-212.4272613525390625000000000
-208.8115692138671875000000000
-205.2685699462890625000000000
-201.7913360595703125000000000
-198.3836212158203125000000000
-195.0409851074218750000000000
-191.7641448974609375000000000
-188.5485839843750000000000000
-185.3921051025390625000000000
-182.3003387451171875000000000
-179.2656402587890625000000000
-176.2876434326171875000000000
-173.3677825927734375000000000
-170.5019683837890625000000000
-167.6886749267578125000000000
-164.9298248291015625000000000
-162.2226715087890625000000000
-159.5648956298828125000000000
-156.9579315185546875000000000
-154.3995513916015625000000000
-151.8886718750000000000000000
-149.4242706298828125000000000
-147.0059509277343750000000000
-144.6320037841796875000000000
-142.3020172119140625000000000
-140.0149230957031250000000000
-137.7696380615234375000000000
-135.5645446777343750000000000
-133.4003601074218750000000000
-131.2748260498046875000000000
-129.1880340576171875000000000
-127.1395645141601562500000000
-125.1289215087890625000000000
-123.1526260375976562500000000
-121.2131729125976562500000000
-119.3077163696289062500000000
-117.4375534057617187500000000
-115.6015853881835937500000000
-113.7969284057617187500000000
-112.0243072509765625000000000
-110.2819747924804687500000000
-108.5736999511718750000000000
-106.8929367065429687500000000
-105.2433700561523437500000000
-103.6221466064453125000000000
-102.0281066894531250000000000
-100.4643707275390625000000000
-98.9262084960937500000000000
-97.4173431396484375000000000
-95.9324111938476562500000000
-94.4733352661132812500000000
-93.0407638549804687500000000
-91.6330108642578125000000000
-90.2489166259765625000000000
-88.8885879516601562500000000
-87.5514755249023437500000000
-86.2367706298828125000000000
-84.9460372924804687500000000
-83.6772537231445312500000000
-82.4295730590820312500000000
-81.2024612426757812500000000
-79.9972000122070312500000000
-78.8111419677734375000000000
-77.6458587646484375000000000
-76.5001907348632812500000000
-75.3751373291015625000000000
-74.2670974731445312500000000
-73.1776885986328125000000000
-72.1078414916992187500000000
-71.0543060302734375000000000
-70.0198440551757812500000000
-69.0003051757812500000000000
-67.9999389648437500000000000
-67.0155105590820312500000000
-66.0470428466796875000000000
-65.0949172973632812500000000
-64.1591644287109375000000000
-63.2362060546875000000000000
-62.3297309875488281250000000
-61.4391746520996093750000000
-60.5615577697753906250000000
-59.6990470886230468750000000
-58.8510589599609375000000000
-58.0152626037597656250000000
-57.1946945190429687500000000
-56.3869743347167968750000000
-55.5918617248535156250000000
-54.8090782165527343750000000
-54.0392761230468750000000000
-53.2812690734863281250000000
-52.5372314453125000000000000
-51.8035621643066406250000000
-51.0815086364746093750000000
-50.3714179992675781250000000
-49.6723861694335937500000000
-48.9844818115234375000000000
-48.3080368041992187500000000
-47.6415557861328125000000000
-46.9856834411621093750000000
-46.3395462036132812500000000
-45.7043762207031250000000000
-45.0784072875976562500000000
-44.4631652832031250000000000
-43.8559646606445312500000000
-43.2598571777343750000000000
-42.4190406799316406250000000
-41.2787895202636718750000000
-40.1735610961914062500000000
-39.1023483276367187500000000
-38.0633125305175781250000000
-37.0556488037109375000000000
-36.0783348083496093750000000
-35.1304931640625000000000000
-34.2113761901855468750000000
-33.3188819885253906250000000
-32.4533233642578125000000000
-31.6135520935058593750000000
-30.7984390258789062500000000
-30.0067653656005859375000000
-29.2388019561767578125000000
-28.4931030273437500000000000
-27.7691116333007812500000000
-27.0658130645751953125000000
-26.3832435607910156250000000
-25.7196311950683593750000000
-25.0756835937500000000000000
-24.4496955871582031250000000
-23.8415317535400390625000000
-23.2506942749023437500000000
-22.6764392852783203125000000
-22.1184787750244140625000000
-21.5762214660644531250000000
-21.0487670898437500000000000
-20.5361957550048828125000000
-20.0379085540771484375000000
-19.5532207489013671875000000
-19.0821323394775390625000000
-18.6238059997558593750000000
-18.1779289245605468750000000
-17.7444190979003906250000000
-17.3223934173583984375000000
-16.9121780395507812500000000
-16.5126228332519531250000000
-16.1242370605468750000000000
-15.7458295822143554687500000
-15.3779850006103515625000000
-15.0197296142578125000000000
-14.6708145141601562500000000
-14.3313627243041992187500000
-14.0007801055908203125000000
-13.6786174774169921875000000
-13.3653364181518554687500000
-13.0598812103271484375000000
-12.7626714706420898437500000
-12.4730300903320312500000000
-12.1909170150756835937500000
-11.9159927368164062500000000
-11.6482915878295898437500000
-11.3872117996215820312500000
-11.1330051422119140625000000
-10.8851041793823242187500000
-10.6436157226562500000000000
-10.4080390930175781250000000
-10.1784830093383789062500000
-9.9548969268798828125000000
-9.7366676330566406250000000
-9.5240478515625000000000000
-9.3166122436523437500000000
-9.1144208908081054687500000
-8.9171590805053710937500000
-8.7248497009277343750000000
-8.5371417999267578125000000
-8.3540153503417968750000000
-8.1754179000854492187500000
-8.0011806488037109375000000
-7.8310985565185546875000000
-7.6653022766113281250000000
-7.5033974647521972656250000
-7.3454012870788574218750000
-7.1911821365356445312500000
-7.0406785011291503906250000
-6.8937406539916992187500000
-6.7503266334533691406250000
-6.6103014945983886718750000
-6.4736051559448242187500000
-6.3401374816894531250000000
-6.2097468376159667968750000
-6.0824618339538574218750000
-5.9580917358398437500000000
-5.8366661071777343750000000
-5.7181043624877929687500000
-5.6021556854248046875000000
-5.4890193939208984375000000
-5.3783874511718750000000000
-5.2703461647033691406250000
-5.1647543907165527343750000
-5.0615873336791992187500000
-4.9608168601989746093750000
-4.8622827529907226562500000
-4.7659759521484375000000000
-4.6718311309814453125000000
-4.5798201560974121093750000
-4.4899129867553710937500000
-4.4019689559936523437500000
-4.3160138130187988281250000
-4.2320008277893066406250000
-4.1497488021850585937500000
-4.0694160461425781250000000
-3.9907844066619873046875000
-3.9139552116394042968750000
-3.8388042449951171875000000
-3.7652609348297119140625000
-3.6933164596557617187500000
-3.6229376792907714843750000
-3.5540935993194580078125000
-3.4868278503417968750000000
-3.4208836555480957031250000
-3.3564734458923339843750000
-3.2933478355407714843750000
-3.2316653728485107421875000
-3.1712028980255126953125000
-3.1120803356170654296875000
-3.0542550086975097656250000
-2.9976003170013427734375000
-2.9421589374542236328125000
-2.8878600597381591796875000
-2.8347458839416503906250000
-2.7827079296112060546875000
-2.7318072319030761718750000
-2.6819067001342773437500000
-2.6330666542053222656250000
-2.5852258205413818359375000
-2.5384159088134765625000000
-2.4925661087036132812500000
-2.4476320743560791015625000
-2.4036555290222167968750000
-2.3605742454528808593750000
-2.3183536529541015625000000
-2.2770071029663085937500000
-2.2364714145660400390625000
-2.1968162059783935546875000
-2.1579213142395019531250000
-2.1198098659515380859375000
-2.0824837684631347656250000
-2.0458993911743164062500000
-2.0100307464599609375000000
-1.9748718738555908203125000
-1.9404813051223754882812500
-1.9067114591598510742187500
-1.8736306428909301757812500
-1.8411940336227416992187500
-1.8094042539596557617187500
-1.7782350778579711914062500
-1.7476989030838012695312500
-1.7177315950393676757812500
-1.6883637905120849609375000
-1.6595879793167114257812500
-1.6313403844833374023437500
-1.6036607027053833007812500
-1.5764948129653930664062500
-1.5498720407485961914062500
-1.5237576961517333984375000
-1.4981573820114135742187500
-1.4730358123779296875000000
-1.4483758211135864257812500
-1.4242213964462280273437500
-1.4005128145217895507812500
-1.3772472143173217773437500
-1.3544358015060424804687500
-1.3320466279983520507812500
-1.3100677728652954101562500
-1.2885142564773559570312500
-1.2673646211624145507812500
-1.2466007471084594726562500
-1.2262338399887084960937500
-1.2062464952468872070312500
-1.1866302490234375000000000
-1.1673771142959594726562500
-1.1484839916229248046875000
-1.1299375295639038085937500
-1.1117345094680786132812500
-1.0938665866851806640625000
-1.0763252973556518554687500
-1.0590980052947998046875000
-1.0421903133392333984375000
-1.0255845785140991210937500
-1.0092815160751342773437500
-0.9932778477668762207031250
-0.9775696992874145507812500
-0.9621298909187316894531250
-0.9469779133796691894531250
-0.9320915341377258300781250
-0.9174808859825134277343750
-0.9031373858451843261718750
-0.8890385031700134277343750
-0.8751899003982543945312500
-0.8615779280662536621093750
-0.8482320308685302734375000
-0.8351010680198669433593750
-0.8222138285636901855468750
-0.8095480203628540039062500
-0.7970945835113525390625000
-0.7848778963088989257812500
-0.7728610038757324218750000
-0.7610729932785034179687500
-0.7494719624519348144531250
-0.7380729317665100097656250
-0.7268809676170349121093750
-0.7158828973770141601562500
-0.7050696611404418945312500
-0.6944420933723449707031250
-0.6839959025382995605468750
-0.6737247705459594726562500
-0.6636409163475036621093750
-0.6537285447120666503906250
-0.6439810395240783691406250
-0.6343942284584045410156250
-0.6249781250953674316406250
-0.6157120466232299804687500
-0.6066082715988159179687500
-0.5976577401161193847656250
-0.5888682603836059570312500
-0.5802116990089416503906250
-0.5717006921768188476562500
-0.5633425116539001464843750
-0.5551117658615112304687500
-0.5470300316810607910156250
-0.5390648841857910156250000
-0.5312495231628417968750000
-0.5235586762428283691406250
-0.5159925222396850585937500
-0.5085540413856506347656250
-0.5012434720993041992187500
-0.4940328598022460937500000
-0.4869510233402252197265625
-0.4799935519695281982421875
-0.4731371700763702392578125
-0.4663988053798675537109375
-0.4597738981246948242187500
-0.4532442390918731689453125
-0.4468335509300231933593750
-0.4405232369899749755859375
-0.4343114197254180908203125
-0.4281959235668182373046875
-0.4221818447113037109375000
-0.4162599146366119384765625
-0.4104471206665039062500000
-0.4047153294086456298828125
-0.3990742862224578857421875
-0.3935267031192779541015625
-0.3880655169486999511718750
-0.3826912641525268554687500
-0.3774065375328063964843750
-0.3721996545791625976562500
-0.3670756518840789794921875
-0.3620277047157287597656250
-0.3570654392242431640625000
-0.3521750569343566894531250
-0.3473684787750244140625000
-0.3426247239112854003906250
-0.3379676342010498046875000
-0.3313987553119659423828125
-0.3224905431270599365234375
-0.3138559460639953613281250
-0.3054870963096618652343750
-0.2973696291446685791015625
-0.2894972562789916992187500
-0.2818619906902313232421875
-0.2744569778442382812500000
-0.2672763764858245849609375
-0.2603037655353546142578125
-0.2535415887832641601562500
-0.2469808757305145263671875
-0.2406128048896789550781250
-0.2344278544187545776367188
-0.2284281402826309204101563
-0.2226023674011230468750000
-0.2169461846351623535156250
-0.2114516645669937133789063
-0.2061190903186798095703125
-0.2009346187114715576171875
-0.1959037780761718750000000
-0.1910132467746734619140625
-0.1862619668245315551757813
-0.1816460490226745605468750
-0.1771596819162368774414063
-0.1728006154298782348632813
-0.1685642302036285400390625
-0.1644434928894042968750000
-0.1604390293359756469726563
-0.1565461605787277221679688
-0.1527595371007919311523438
-0.1490791589021682739257813
-0.1454984843730926513671875
-0.1420150697231292724609375
-0.1386282742023468017578125
-0.1353311985731124877929688
-0.1321263909339904785156250
-0.1290048658847808837890625
-0.1259706020355224609375000
-0.1230142936110496520996094
-0.1201405078172683715820313
-0.1173416376113891601562500
-0.1146157383918762207031250
-0.1119637712836265563964844
-0.1093810945749282836914063
-0.1068641990423202514648438
-0.1044166907668113708496094
-0.1020303219556808471679688
-0.0997083708643913269042969
-0.0974455475807189941406250
-0.0952415391802787780761719
-0.0930936932563781738281250
-0.0910022780299186706542969
-0.0889625921845436096191406
-0.0869766026735305786132813
-0.0850398764014244079589844
-0.0831532478332519531250000
-0.0813128054141998291015625
-0.0795193985104560852050781
-0.0777726322412490844726563
-0.0760677158832550048828125
-0.0744066238403320312500000
-0.0727860331535339355468750
-0.0712064132094383239746094
-0.0696653053164482116699219
-0.0681628882884979248046875
-0.0666964203119277954101563
-0.0652657449245452880859375
-0.0638704523444175720214844
-0.0625092238187789916992188
-0.0611804574728012084960938
-0.0598851740360260009765625
-0.0586202926933765411376953
-0.0573859475553035736083984
-0.0561811104416847229003906
-0.0550053007900714874267578
-0.0538573488593101501464844
-0.0527369268238544464111328
-0.0516429804265499114990234
-0.0505750402808189392089844
-0.0495323240756988525390625
-0.0485136471688747406005859
-0.0475192330777645111083984
-0.0465475916862487792968750
-0.0455989539623260498046875
-0.0446726903319358825683594
-0.0437668412923812866210938
-0.0428829640150070190429688
-0.0420186519622802734375000
-0.0411745794117450714111328
-0.0403496436774730682373047
-0.0395436510443687438964844
-0.0387563817203044891357422
-0.0379865840077400207519531
-0.0372341871261596679687500
-0.0364986807107925415039063
-0.0357798449695110321044922
-0.0350774452090263366699219
-0.0343903824687004089355469
-0.0337188579142093658447266
-0.0330625064671039581298828
-0.0324199125170707702636719
-0.0317923128604888916015625
-0.0311780031770467758178711
-0.0305777750909328460693359
-0.0299906581640243530273438
-0.0294161010533571243286133
-0.0288540348410606384277344
-0.0283042006194591522216797
-0.0277663562446832656860352
-0.0272408425807952880859375
-0.0267256535589694976806641
-0.0262224487960338592529297
-0.0257292799651622772216797
-0.0252473857253789901733398
-0.0247750226408243179321289
-0.0243131276220083236694336
-0.0238613672554492950439453
-0.0234187524765729904174805
-0.0229856166988611221313477
-0.0225614067167043685913086
-0.0221464522182941436767578
-0.0217399057000875473022461
-0.0213422439992427825927734
-0.0209523960947990417480469
-0.0205708332359790802001953
-0.0201970767229795455932617
-0.0198313742876052856445313
-0.0194731727242469787597656
-0.0191221255809068679809570
-0.0187785588204860687255859
-0.0184419862926006317138672
-0.0181121379137039184570313
-0.0177891179919242858886719
-0.0174724329262971878051758
-0.0171626266092061996459961
-0.0168587602674961090087891
-0.0165610145777463912963867
-0.0162694044411182403564453
-0.0159835889935493469238281
-0.0157033652067184448242188
-0.0154286865144968032836914
-0.0151600101962685585021973
-0.0148961832746863365173340
-0.0146377393975853919982910
-0.0143843283876776695251465
-0.0141359707340598106384277
-0.0138924615457653999328613
-0.0136538976803421974182129
-0.0134197780862450599670410
-0.0131903421133756637573242
-0.0129655310884118080139160
-0.0127448467537760734558105
-0.0125285992398858070373535
-0.0123163657262921333312988
-0.0121083753183484077453613
-0.0119043570011854171752930
-0.0117043545469641685485840
-0.0115080922842025756835938
-0.0113154361024498939514160
-0.0111267296597361564636230
-0.0109415063634514808654785
-0.0107597438618540763854980
-0.0105815296992659568786621
-0.0104066142812371253967285
-0.0102349044755101203918457
-0.0100665176287293434143066
-0.0099012861028313636779785
-0.0097390683367848396301270
-0.0095799518749117851257324
-0.0094238007441163063049316
-0.0092705488204956054687500
-0.0091201337054371833801270
-0.0089725311845541000366211
-0.0088276369497179985046387
-0.0086854258552193641662598
-0.0085458327084779739379883
-0.0084087913855910301208496
-0.0082742031663656234741211
-0.0081421118229627609252930
-0.0080123795196413993835449
-0.0078850118443369865417480
-0.0077599831856787204742432
-0.0076372632756829261779785
-0.0075166397728025913238525
-0.0073982649482786655426025
-0.0072819651104509830474854
-0.0071678194217383861541748
-0.0070557608269155025482178
-0.0069456133060157299041748
-0.0068374210968613624572754
-0.0067310775630176067352295
-0.0066268127411603927612305
-0.0065242270939052104949951
-0.0064235455356538295745850
-0.0063245939090847969055176
-0.0062273014336824417114258
-0.0061318585649132728576660
-0.0060379765927791595458984
-0.0059458827599883079528809
-0.0058552497066557407379150
-0.0057661947794258594512939
-0.0056787575595080852508545
-0.0055928351357579231262207
-0.0055083567276597023010254
-0.0054253288544714450836182
-0.0053437179885804653167725
-0.0052634747698903083801270
-0.0051846946589648723602295
-0.0051072542555630207061768
-0.0050311018712818622589111
-0.0049562049098312854766846
-0.0048826416023075580596924
-0.0048102503642439842224121
-0.0047391271218657493591309
-0.0046692010946571826934814
-0.0046005332842469215393066
-0.0045329038985073566436768
-0.0044664116576313972473145
-0.0044011133722960948944092
-0.0043368106707930564880371
-0.0042736721225082874298096
-0.0042114444077014923095703
-0.0041503868997097015380859
-0.0040903021581470966339111
-0.0040311915799975395202637
-0.0039730784483253955841064
-0.0039159646257758140563965
-0.0038596317172050476074219
-0.0038043048698455095291138
-0.0037499496247619390487671
-0.0036963841412216424942017
-0.0036437406670302152633667
-0.0035919835790991783142090
-0.0035409706179052591323853
-0.0034908871166408061981201
-0.0034415877889841794967651
-0.0033930579666048288345337
-0.0033452806528657674789429
-0.0032982956618070602416992
-0.0032520305830985307693481
-0.0032066181302070617675781
-0.0031618385110050439834595
-0.0031177678611129522323608
-0.0030744273681193590164185
-0.0030317618511617183685303
-0.0029897755011916160583496
-0.0029484885744750499725342
-0.0029078098013997077941895
-0.0028677785303443670272827
-0.0028283414430916309356689
-0.0027895737439393997192383
-0.0027513676322996616363525
-0.0027138162404298782348633
-0.0026767556555569171905518
-0.0026403721421957015991211
-0.0025890527758747339248657
-0.0025194573681801557540894
-0.0024519995786249637603760
-0.0023866179399192333221436
-0.0023232002276927232742310
-0.0022616973146796226501465
-0.0022020468022674322128296
-0.0021441951394081115722656
-0.0020880966912955045700073
-0.0020336231682449579238892
-0.0019807936623692512512207
-0.0019295380916446447372437
-0.0018797875382006168365479
-0.0018314676126465201377869
-0.0017845948459580540657043
-0.0017390809953212738037109
-0.0016948920674622058868408
-0.0016519661294296383857727
-0.0016103053931146860122681
-0.0015698017086833715438843
-0.0015304982662200927734375
-0.0014922909904271364212036
-0.0014551716158166527748108
-0.0014191097579896450042725
-0.0013840600149706006050110
-0.0013500048080459237098694
-0.0013169080484658479690552
-0.0012847147881984710693359
-0.0012534299166873097419739
-0.0012230168795213103294373
-0.0011934338835999369621277
-0.0011646809289231896400452
-0.0011367069091647863388062
-0.0011094927322119474411011
-0.0010830333922058343887329
-0.0010572749888524413108826
-0.0010322374291718006134033
-0.0010078505147248506546021
-0.0009841453284025192260742
-0.0009610491688363254070282
-0.0009385977173224091529846
-0.0009167315438389778137207
-0.0008954354561865329742432
-0.0008747169631533324718475
-0.0008545398013666272163391
-0.0008348765550181269645691
-0.0008157553966157138347626
-0.0007971118902787566184998
-0.0007789716473780572414398
-0.0007612933404743671417236
-0.0007440745248459279537201
-0.0007272944785654544830322
-0.0007109552971087396144867
-0.0006950202514417469501495
-0.0006795047083869576454163
-0.0006643740343861281871796
-0.0006496347486972808837891
-0.0006352562922984361648560
-0.0006212453008629381656647
-0.0006075986893847584724426
-0.0005942790303379297256470
-0.0005813017487525939941406
-0.0005686408840119838714600
-0.0005563001031987369060516
-0.0005442601977847516536713
-0.0005325225647538900375366
-0.0005210657836869359016418
-0.0005098886322230100631714
-0.0004989879089407622814178
-0.0004883533110842108726501
-0.0004779723240062594413757
-0.0004678529221564531326294
-0.0004579710366670042276382
-0.0004483277152758091688156
-0.0004389149253256618976593
-0.0004297289124224334955215
-0.0004207605379633605480194
-0.0004120072408113628625870
-0.0004034607845824211835861
-0.0003951175021938979625702
-0.0003869712818413972854614
-0.0003790128685068339109421
-0.0003712440084200352430344
-0.0003636530600488185882568
-0.0003562418278306722640991
-0.0003490053932182490825653
-0.0003419284475967288017273
-0.0003350231563672423362732
-0.0003282707184553146362305
-0.0003216764016542583703995
-0.0003152315912302583456039
-0.0003089347737841308116913
-0.0003027842321898788213730
-0.0002967701875604689121246
-0.0002908920869231224060059
-0.0002851459430530667304993
-0.0002795300388243049383163
-0.0002740425406955182552338
-0.0002686748630367219448090
-0.0002634285774547606706619
-0.0002583008317742496728897
-0.0002532805665396153926849
-0.0002483774442225694656372
-0.0002435781498206779360771
-0.0002388888678979128599167
-0.0002343020169064402580261
-0.0002298132894793525338173
-0.0002254221471957862377167
-0.0002211265673395246267319
-0.0002169246581615880131721
-0.0002128190826624631881714
-0.0002087941684294492006302
-0.0002048628812190145254135
-0.0002010099997278302907944
-0.0001972452009795233607292
-0.0001935548643814399838448
-0.0001899463095469400286674
-0.0001864169316831976175308
-0.0001829590037232264876366
-0.0001795751304598525166512
-0.0001762609899742528796196
-0.0001730191579554229974747
-0.0001698430132819339632988
-0.0001667362812440842390060
-0.0001636905944906175136566
-0.0001607096346560865640640
-0.0001577896618982776999474
-0.0001549326116219162940979
-0.0001521341619081795215607
-0.0001493916061008349061012
-0.0001467074907850474119186
-0.0001440780179109424352646
-0.0001415010774508118629456
-0.0001389774843119084835052
-0.0001365033822366967797279
-0.0001340830203844234347343
-0.0001317090645898133516312
-0.0001293829263886436820030
-0.0001271047221962362527847
-0.0001248717890121042728424
-0.0001226825406774878501892
-0.0001205366133945062756538
-0.0001184375796583481132984
-0.0001163764318334870040417
-0.0001143573390436358749866
-0.0001123775655287317931652
-0.0001104372713598422706127
-0.0001085348558262921869755
-0.0001066710756276734173298
-0.0001048420162987895309925
-0.0001030495477607473731041
-0.0001012932116282172501087
-0.0000995691152638755738735
-0.0000978796815616078674793
-0.0000962216072366572916508
-0.0000945966821745969355106
-0.0000930027890717610716820
-0.0000914402698981575667858
-0.0000899069709703326225281
-0.0000884018445503897964954
-0.0000869275754666887223721
-0.0000854805184644646942616
-0.0000840604989207349717617
-0.0000826682007755152881145
-0.0000813016740721650421619
-0.0000799601912149228155613
-0.0000786446689744479954243
-0.0000773537976783700287342
-0.0000760864713811315596104
-0.0000748433740227483212948
-0.0000736234433134086430073
-0.0000724261626601219177246
-0.0000712510445737279951572
-0.0000700978998793289065361
-0.0000689659136696718633175
-0.0000678548894939012825489
-0.0000667643180349841713905
-0.0000656936826999299228191
-0.0000646422122372314333916
-0.0000636102486168965697289
-0.0000625967149971984326839
-0.0000616016550338827073574
-0.0000606248686381150037050
-0.0000596661193412728607655
-0.0000587237482250202447176
-0.0000577989449084270745516
-0.0000568903524253983050585
-0.0000559985892323311418295
-0.0000551231314602773636580
-0.0000542626039532478898764
-0.0000534173523192293941975
-0.0000525865434610750526190
-0.0000517719745403155684471
-0.0000509705241711344569921
-0.0000501839494972955435514
-0.0000494108899147249758244
-0.0000486507924506440758705
-0.0000479051450383849442005
-0.0000471716921310871839523
-0.0000464522090624086558819
-0.0000457441383332479745150
-0.0000450483967142645269632
-0.0000443652934336569160223
-0.0000436940244981087744236
-0.0000430340369348414242268
-0.0000423853816755581647158
-0.0000417477967857848852873
-0.0000411208966397680342197
-0.0000405054270231630653143
-0.0000399004238715860992670
-0.0000393054833693895488977
-0.0000387203508580569177866
-0.0000381456375180277973413
-0.0000375800809706561267376
-0.0000370244306395761668682
-0.0000364781335520092397928
-0.0000359416662831790745258
-0.0000354133117070887237787
-0.0000348938410752452909946
-0.0000343836982210632413626
-0.0000338813333655707538128
-0.0000333880634570959955454
-0.0000329019094351679086685
-0.0000324248976539820432663
-0.0000319554856105241924524
-0.0000314936842187307775021
-0.0000310396753775421530008
-0.0000305934736388735473156
-0.0000301533727906644344330
-0.0000297211317956680431962
-0.0000292964814434526488185
-0.0000288780011032940819860
-0.0000284667239611735567451
-0.0000280623717117123305798
-0.0000276638329523848369718
-0.0000272725555987562984228
-0.0000268874046014389023185
-0.0000265082653641002252698
-0.0000261350051005138084292
-0.0000257679348578676581383
-0.0000254064889304572716355
-0.0000250517041422426700592
-0.0000247018633672269061208
-0.0000243575614149449393153
-0.0000240189638134324923158
-0.0000236856394622009247541
-0.0000233576211030595004559
-0.0000230350669880863279104
-0.0000227172640734352171421
-0.0000224045197683153674006
-0.0000220964175241533666849
-0.0000217935448745265603065
-0.0000214950596273411065340
-0.0000212016893783584237099
-0.0000209121535590384155512
-0.0000206279073609039187431
-0.0000202269748115213587880
-0.0000196832606889074668288
-0.0000191562467080075293779
-0.0000186454526556190103292
-0.0000181500017788494005799
-0.0000176695102709345519543
-0.0000172034906427143141627
-0.0000167515245266258716583
-0.0000163132554007461294532
-0.0000158876810019137337804
-0.0000154749504872597754002
-0.0000150745163409737870097
-0.0000146858401421923190355
-0.0000143083407238009385765
-0.0000139421472340472973883
-0.0000135865702759474515915
-0.0000132413442770484834909
-0.0000129059853861690498888
-0.0000125805108837084844708
-0.0000122640758490888401866
-0.0000119570177048444747925
-0.0000116585233627120032907
-0.0000113685282485675998032
-0.0000110867949842941015959
-0.0000108129688669578172266
-0.0000105469125628587789834
-0.0000102883441286394372582
-0.0000100368342828005552292
-0.0000097924212241196073592
-0.0000095548193712602369487
-0.0000093237022156245075166
-0.0000090990697572124190629
-0.0000088805227278498932719
-0.0000086679119704058393836
-0.0000084611983766080811620
-0.0000082599608504096977413
-0.0000080643549154046922922
-0.0000078738321462878957391
-0.0000076886353781446814537
-0.0000075081966315337922424
-0.0000073327946665813215077
-0.0000071619651862420141697
-0.0000069955895014572888613
-0.0000068337262746354099363
-0.0000066760921981767751276
-0.0000065224730860791169107
-0.0000063730890360602643341
-0.0000062274366428027860820
-0.0000060857159951410721987
-0.0000059476042224559932947
-0.0000058130822253588121384
-0.0000056819881137926131487
-0.0000055543382586620282382
-0.0000054298457143886480480
-0.0000053086305342731066048
-0.0000051904221436416264623
-0.0000050752714741975069046
-0.0000049629397835815325379
-0.0000048534789129917044193
-0.0000047468647608184255660
-0.0000046428049245150759816
-0.0000045414199121296405792
-0.0000044425069063436239958
-0.0000043460945562401320785
-0.0000042520327951933722943
-0.0000041603325371397659183
-0.0000040708264350541867316
-0.0000039835049392422661185
-0.0000038983430385997053236
-0.0000038152602428453974426
-0.0000037341587812989018857
-0.0000036551009543472900987
-0.0000035778987239609705284
-0.0000035025602755922591314
-0.0000034290228541067335755
-0.0000033572571283002616838
-0.0000032871917028387542814
-0.0000032188065688387723640
-0.0000031520373795501654968
-0.0000030868554858898278326
-0.0000030232131393859162927
-0.0000029610380352096399292
-0.0000029003438157815253362
-0.0000028410395316313952208
-0.0000027831392799271270633
-0.0000027266046345175709575
-0.0000026713159968494437635
-0.0000026173684091190807521
-0.0000025646149879321455956
-0.0000025130968879238935187
-0.0000024627468064863933250
-0.0000024135529201885219663
-0.0000023655018139834282920
-0.0000023185170903161633760
-0.0000022725944290868937969
-0.0000022277026801020838320
-0.0000021838284283148823306
-0.0000021409573491837363690
-0.0000020990223674743901938
-0.0000020580357613653177395
-0.0000020179752482363255695
-0.0000019787544260907452554
-0.0000019404487829888239503
-0.0000019029542954740463756
-0.0000018663192804524442181
-0.0000018304845070815645158
-0.0000017954163240574416704
-0.0000017611105249670799822
-0.0000017275513073400361463
-0.0000016947238918874063529
-0.0000016626490833004936576
-0.0000016312044408550718799
-0.0000016004912595235509798
-0.0000015703906228736741468
-0.0000015409781326525262557
-0.0000015121473779799998738
-0.0000014839555433354689740
-0.0000014563822787749813870
-0.0000014293672165877069347
-0.0000014029307067175977863
-0.0000013770389841738506220
-0.0000013517121715267421678
-0.0000013268985412651090883
-0.0000013026271972194081172
-0.0000012788327694579493254
-0.0000012555440207506762818
-0.0000012327317335802945308
-0.0000012104110282962210476
-0.0000011885481399076525122
-0.0000011671219226627727039
-0.0000011461522717581829056
-0.0000011256095149292377755
-0.0000011054771675844676793
-0.0000010857615961867850274
-0.0000010664326737241935916
-0.0000010475235967533080839
-0.0000010289770671079168096
-0.0000010108041124112787656
-0.0000009930056421580957249
-0.0000009755608516570646316
-0.0000009584573490428738296
-0.0000009416922921445802785
-0.0000009252935910808446351
-0.0000009091908736991172191
-0.0000008934167112784052733
-0.0000008779497306932171341
-0.0000008627911824987677392
-0.0000008479285611429077107
-0.0000008333677783411985729
-0.0000008190782523342932109
-0.0000008050745918808388524
-0.0000007913532158454472665
-0.0000007778837129990279209
-0.0000007646850122000614647
-0.0000007517313065363850910
-0.0000007390365794890385587
-0.0000007265842896231333725
-0.0000007143771085793559905
-0.0000007023982107057236135
-0.0000006906394105499202851
-0.0000006791216833335056435
-0.0000006678165505036304239
-0.0000006567226478182419669
-0.0000006458453185587131884
-0.0000006351693286887893919
-0.0000006246889938665844966
-0.0000006144114763628749643
-0.0000006043265443622658495
-0.0000005944255576650903095
-0.0000005847138595527212601
-0.0000005751831508860050235
-0.0000005658293957822024822
-0.0000005566487857322499622
-0.0000005476398428072570823
-0.0000005387962005443114322
-0.0000005301163241711037699
-0.0000005215962346483138390
-0.0000005132318960932025220
-0.0000005050172831033705734
-0.0000004969550673195044510
-0.0000004890368359156127553
-0.0000004812629299522086512
-0.0000004736317862352734664
-0.0000004661415573536942247
-0.0000004587792830079706619
-0.0000004515542570970865199
-0.0000004444558783234242583
-0.0000004374889783775870455
-0.0000004306494645334169036
-0.0000004239265933847491397
-0.0000004173230649939796422
-0.0000004108323707896488486
-0.0000004044685510962153785
-0.0000003982072200869879453
-0.0000003920621054476214340
-0.0000003860225774587888736
-0.0000003800843160206568427
-0.0000003742589456123823766
-0.0000003685288447741186246
-0.0000003629078833000676241
-0.0000003573760807284998009
-0.0000003519405993301916169
-0.0000003466038549504446564
-0.0000003413595663914748002
-0.0000003362034135534486268
-0.0000003311357943402981618
-0.0000003261546623889444163
-0.0000003212570049981877673
-0.0000003164486486184614478
-0.0000003117220614967664005
-0.0000003070740888233558508
-0.0000003025027410785696702
-0.0000002980127931095921667
-0.0000002935943825832509901
-0.0000002892533643716888037
-0.0000002849854183750721859
-0.0000002807942678373365197
-0.0000002766664977116306545
-0.0000002726081334003538359
-0.0000002686226423520565731
-0.0000002646979169185215142
-0.0000002608442457585624652
-0.0000002570461674622492865
-0.0000002533195129217347130
-0.0000002496522313322202535
-0.0000002460444079588341992
-0.0000002424974638870480703
-0.0000002390115128036995884
-0.0000002355732249270658940
-0.0000002321963421536565875
-0.0000002288787612769738189
-0.0000002256093836194850155
-0.0000002223962809466684121
-0.0000002192372789977525827
-0.0000002161236949405065388
-0.0000002130668406152835814
-0.0000002100578484487414244
-0.0000002070958231570330099
-0.0000002041797273477641284
-0.0000002013119910770910792
-0.0000001984881947691974347
-0.0000001957164386112708598
-0.0000001929833075564602041
-0.0000001902934485542573384
-0.0000001876481547924413462
-0.0000001850440582984447246
-0.0000001824814148676523473
-0.0000001799614608444244368
-0.0000001774786255737126339
-0.0000001750353106899638078
-0.0000001726282619074481772
-0.0000001702620693322387524
-0.0000001679301533386023948
-0.0000001656381982684251852
-0.0000001633761996799876215
-0.0000001611555262570618652
-0.0000001580232407150106155
-0.0000001537754741320895846
-0.0000001496581774063088233
-0.0000001456675988720235182
-0.0000001417968888972609420
-0.0000001380430489916761871
-0.0000001344022706462055794
-0.0000001308712853642646223
-0.0000001274473078183291364
-0.0000001241225078274510452
-0.0000001208980506817169953
-0.0000001177696589138577110
-0.0000001147331261108774925
-0.0000001117839119046948326
-0.0000001089230252659945108
-0.0000001061450802808394656
-0.0000001034480021644412773
-0.0000001008280108294457023
-0.0000000982852412789725349
-0.0000000958130925710065640
-0.0000000934142008190974593
-0.0000000910822137711875257
-0.0000000888166269419343735
-0.0000000866155858147976687
-0.0000000844763192731079471
-0.0000000823977543973342108
-0.0000000803776885049956036
-0.0000000784127678343793377
-0.0000000765032908134344325
-0.0000000746470263379706012
-0.0000000728414235595664650
-0.0000000710864824782220239
-0.0000000693790838113272912
-0.0000000677180622687956202
-0.0000000661031123172506341
-0.0000000645309441438257636
-0.0000000630027727765991585
-0.0000000615143136428741855
-0.0000000600674638917553239
-0.0000000586577861838577519
-0.0000000572874583326665743
-0.0000000559528530175157357
-0.0000000546530429801350692
-0.0000000533884865205891401
-0.0000000521569702982560557
-0.0000000509568209849931009
-0.0000000497897580942208151
-0.0000000486518487718967663
-0.0000000475446562120396266
-0.0000000464656579879374476
-0.0000000454147048856157198
-0.0000000443905321390047902
-0.0000000433932676457970956
-0.0000000424206696436613129
-0.0000000414736760490086454
-0.0000000405501729972002067
-0.0000000396505583921680227
-0.0000000387729670592307230
-0.0000000379178040077476908
-0.0000000370848809438939497
-0.0000000362719134727740311
-0.0000000354798430635128170
-0.0000000347070852058095625
-0.0000000339538637206260319
-0.0000000332190062124482210
-0.0000000325025979464044212
-0.0000000318033315238608338
-0.0000000311211323378302041
-0.0000000304558049890601978
-0.0000000298067206472296675
-0.0000000291731154788976710
-0.0000000285554762058382039
-0.0000000279523337809450823
-0.0000000273637521530645245
-0.0000000267892410477088561
-0.0000000262285713148457944
-0.0000000256811851784277678
-0.0000000251469263190529091
-0.0000000246252920277356679
-0.0000000241160584835142799
-0.0000000236188526514524710
-0.0000000231331096500753119
-0.0000000226589360607931667
-0.0000000221956213408702752
-0.0000000217432756244306802
-0.0000000213015987071685231
-0.0000000208696562253862794
-0.0000000204481906962428184
-0.0000000200360545932198875
-0.0000000196335694369054181
-0.0000000192402094256749479
-0.0000000188558821889728279
-0.0000000184804829217455335
-0.0000000181134147680950264
-0.0000000177546439772413578
-0.0000000174039271882975299
-0.0000000170611595962100182
-0.0000000167262292904979404
-0.0000000163986122458936734
-0.0000000160784043856665448
-0.0000000157654316268462935
-0.0000000154590189538339473
-0.0000000151597561171001871
-0.0000000148668304333909873
-0.0000000145806193785347205
-0.0000000143006602115747228
-0.0000000140266900316987631
-0.0000000137586759763053124
-0.0000000134964945885940324
-0.0000000132400304053703621
-0.0000000129894459632851067
-0.0000000127437846941802491
-0.0000000125038379650277420
-0.0000000122686767412005793
-0.0000000120388916613478614
-0.0000000118136513904687490
-0.0000000115934026823083514
-0.0000000113779865529295421
-0.0000000111669313795914604
-0.0000000109603961462312327
-0.0000000107581170638582080
-0.0000000105602513400526732
-0.0000000103663948536336648
-0.0000000101767749782766259
-0.0000000099908810113902291
-0.0000000098089376621146585
-0.0000000096307166685960510
-0.0000000094563361585642269
-0.0000000092855323430285353
-0.0000000091181400208029117
-0.0000000089543146231108040
-0.0000000087938243353846701
-0.0000000086365403717536537
-0.0000000084825124702092580
-0.0000000083315052634702624
-0.0000000081837780996352194
-0.0000000080388833367806001
-0.0000000078969071282131154
-0.0000000077578565793601229
-0.0000000076215691535708174
-0.0000000074879480393974518
-0.0000000073569710323795334
-0.0000000072288561803190987
-0.0000000071030537007743533
-0.0000000069798180568625412
-0.0000000068589822710407589
-0.0000000067405561132716230
-0.0000000066244418839289665
-0.0000000065106857682906139
-0.0000000063990488463616657
-0.0000000062896452490690535
-0.0000000061824469987925568
-0.0000000060772165078049056
-0.0000000059741016578129802
-0.0000000058729008323155085
-0.0000000057737232772581137
-0.0000000056764397626807295
-0.0000000055810711607762187
-0.0000000054874860211384657
-0.0000000053956203949212522
-0.0000000053056381510430128
-0.0000000052173168008096127
-0.0000000051306456860800154
-0.0000000050456665512399468
-0.0000000049622603803811671
-0.0000000048803827645826914
-0.0000000048000896590849607
-0.0000000047213011278302019
-0.0000000046439496692585180
-0.0000000045680770277556348
-0.0000000044936183662969142
-0.0000000044205421545484569
-0.0000000043488186385332028
-0.0000000042784362719316960
-0.0000000042093453167524331
-0.0000000041415337825867482
-0.0000000040749705831899519
-0.0000000040096241882281447
-0.0000000039454475242450826
-0.0000000038824614634336285
-0.0000000038206002805907247
-0.0000000037598666402516301
-0.0000000037002483299630740
-0.0000000036417309168257361
-0.0000000035842131484997708
-0.0000000035277676335709884
-0.0000000034723115494017520
-0.0000000034178826435748988
-0.0000000033644489416673196
-0.0000000033119265108183527
-0.0000000032603364452654660
-0.0000000032096278967941316
-0.0000000031599105554391826
-0.0000000031109939069295933
-0.0000000030629851988095425
-0.0000000030158013863967881
-0.0000000029694087189113816
-0.0000000029238980125967373
-0.0000000028791315997978018
-0.0000000028352178382817783
-0.0000000027920006306914047
-0.0000000027495359322671220
-0.0000000027078426168003489
-0.0000000026668716124333969
-0.0000000026265891683863174
-0.0000000025869983932835794
-0.0000000025480832999136283
-0.0000000025098203515483419
-0.0000000024722550673317301
-0.0000000024353286054434875
-0.0000000023990163189324676
-0.0000000023633026646763255
-0.0000000023282249461686888
-0.0000000022937061139316484
-0.0000000022597919091538188
-0.0000000022264485810552515
-0.0000000021937052174791916
-0.0000000021614570133721145
-0.0000000021297510421902643
-0.0000000020986143933754420
-0.0000000020679524759259493
-0.0000000020378456699887693
-0.0000000020081731832988226
-0.0000000019790586947010524
-0.0000000019504080572829707
-0.0000000019222219371783922
-0.0000000018945114366175630
-0.0000000018672774437789030
-0.0000000018404158197427023
-0.0000000018140339230754421
-0.0000000017881153224763580
-0.0000000017625733095272267
-0.0000000017374709448958470
-0.0000000017127912421699421
-0.0000000016884663667227073
-0.0000000016645846923069030
-0.0000000016410769410057924
-0.0000000016179361184143204
-0.0000000015951541199044073
-0.0000000015727499302897741
-0.0000000015506890216343550
-0.0000000015290346766505536
-0.0000000015076820902848453
-0.0000000014866675668301355
-0.0000000014660012093159480
-0.0000000014456567054565994
-0.0000000014256360536535340
-0.0000000014059489128470659
-0.0000000013865517622946300
-0.0000000013674633647653422
-0.0000000013486582961519389
-0.0000000013301724166581153
-0.0000000013119543229578312
-0.0000000012940484239720718
-0.0000000012763765599999033
-0.0000000012590275488832958
