-0.9551541805267333984375000
-0.9459406733512878417968750
-0.9367849826812744140625000
-0.9278016686439514160156250
-0.9189077019691467285156250
-0.9101418256759643554687500
-0.9015052914619445800781250
-0.8929714560508728027343750
-0.8845697641372680664062500
-0.8762354850769042968750000
-0.8680171966552734375000000
-0.8599628806114196777343750
-0.8519702553749084472656250
-0.8440877199172973632812500
-0.8363067507743835449218750
-0.8286286592483520507812500
-0.8210451006889343261718750
-0.8135476112365722656250000
-0.8061657547950744628906250
-0.7988531589508056640625000
-0.7916486859321594238281250
-0.7845721840858459472656250
-0.7775208353996276855468750
-0.7705805897712707519531250
-0.7637240886688232421875000
-0.7569614648818969726562500
-0.7503033876419067382812500
-0.7436845898628234863281250
-0.7371624708175659179687500
-0.7307096719741821289062500
-0.7243645191192626953125000
-0.7180715799331665039062500
-0.7118691802024841308593750
-0.7057486176490783691406250
-0.6996731162071228027343750
-0.6937001347541809082031250
-0.6877735853195190429687500
-0.6819319128990173339843750
-0.6761664748191833496093750
-0.6704403758049011230468750
-0.6648200154304504394531250
-0.6592403650283813476562500
-0.6537396907806396484375000
-0.6482997536659240722656250
-0.6429307460784912109375000
-0.6375859379768371582031250
-0.6323227882385253906250000
-0.6271322965621948242187500
-0.6219962835311889648437500
-0.6169152259826660156250000
-0.6118991374969482421875000
-0.6069205403327941894531250
-0.6020362377166748046875000
-0.5971808433532714843750000
-0.5923646688461303710937500
-0.5876160264015197753906250
-0.5829451084136962890625000
-0.5783146619796752929687500
-0.5737064480781555175781250
-0.5691774487495422363281250
-0.5646902918815612792968750
-0.5602551102638244628906250
-0.5559004545211791992187500
-0.5515232682228088378906250
-0.5472370386123657226562500
-0.5429948568344116210937500
-0.5387976765632629394531250
-0.5346360206604003906250000
-0.5305198431015014648437500
-0.5264591574668884277343750
-0.5224352478981018066406250
-0.5184487700462341308593750
-0.5145093798637390136718750
-0.5106269121170043945312500
-0.5067735314369201660156250
-0.5029590129852294921875000
-0.4991931319236755371093750
-0.4954478740692138671875000
-0.4917427003383636474609375
-0.4881154000759124755859375
-0.4844816327095031738281250
-0.4808889329433441162109375
-0.4773468077182769775390625
-0.4738368690013885498046875
-0.4703689217567443847656250
-0.4669338166713714599609375
-0.4635225236415863037109375
-0.4601727724075317382812500
-0.4568285346031188964843750
-0.4535278379917144775390625
-0.4502613544464111328125000
-0.4470390379428863525390625
-0.4438327848911285400390625
-0.4406616985797882080078125
-0.4375307261943817138671875
-0.4344072341918945312500000
-0.4313338994979858398437500
-0.4283156096935272216796875
-0.4252914190292358398437500
-0.4222946763038635253906250
-0.4193584620952606201171875
-0.4164123237133026123046875
-0.4135225713253021240234375
-0.4106470346450805664062500
-0.4078094363212585449218750
-0.4049959480762481689453125
-0.4022065997123718261718750
-0.3994466960430145263671875
-0.3967208564281463623046875
-0.3940058052539825439453125
-0.3913254141807556152343750
-0.3886609673500061035156250
-0.3860362768173217773437500
-0.3834230601787567138671875
-0.3808501958847045898437500
-0.3782751262187957763671875
-0.3757406175136566162109375
-0.3732420504093170166015625
-0.3707562088966369628906250
-0.3682925701141357421875000
-0.3658560216426849365234375
-0.3634468913078308105468750
-0.3610321879386901855468750
-0.3586452603340148925781250
-0.3563097417354583740234375
-0.3539738655090332031250000
-0.3516756594181060791015625
-0.3493728935718536376953125
-0.3471080660820007324218750
-0.3448577225208282470703125
-0.3426362276077270507812500
-0.3404343426227569580078125
-0.3382333219051361083984375
-0.3360757529735565185546875
-0.3339240849018096923828125
-0.3317973017692565917968750
-0.3297003209590911865234375
-0.3276049494743347167968750
-0.3255254328250885009765625
-0.3234809041023254394531250
-0.3214383125305175781250000
-0.3194215297698974609375000
-0.3174164593219757080078125
-0.3154280185699462890625000
-0.3134610354900360107421875
-0.3115249574184417724609375
-0.3095917999744415283203125
-0.3076803982257843017578125
-0.3057768642902374267578125
-0.3038906157016754150390625
-0.3020312488079071044921875
-0.3001895248889923095703125
-0.2983419597148895263671875
-0.2965168356895446777343750
-0.2947145104408264160156250
-0.2929348051548004150390625
-0.2911639213562011718750000
-0.2894065082073211669921875
-0.2876534461975097656250000
-0.2859282493591308593750000
-0.2842216491699218750000000
-0.2825243175029754638671875
-0.2808316349983215332031250
-0.2791672945022583007812500
-0.2775077819824218750000000
-0.2758674323558807373046875
-0.2742367982864379882812500
-0.2726207971572875976562500
-0.2710241079330444335937500
-0.2694187462329864501953125
-0.2678610980510711669921875
-0.2662808001041412353515625
-0.2647438049316406250000000
-0.2631936669349670410156250
-0.2616586983203887939453125
-0.2601579129695892333984375
-0.2586631476879119873046875
-0.2571649551391601562500000
-0.2556917965412139892578125
-0.2542295455932617187500000
-0.2527782917022705078125000
-0.2513334453105926513671875
-0.2498949915170669555664063
-0.2484820187091827392578125
-0.2470756471157073974609375
-0.2456759214401245117187500
-0.2442924082279205322265625
-0.2429063320159912109375000
-0.2415506988763809204101563
-0.2402021139860153198242188
-0.2388511300086975097656250
-0.2375261187553405761718750
-0.2361848056316375732421875
-0.2348931729793548583984375
-0.2335758209228515625000000
-0.2322894930839538574218750
-0.2310106307268142700195313
-0.2297487258911132812500000
-0.2284755855798721313476563
-0.2272289693355560302734375
-0.2259900718927383422851563
-0.2247401773929595947265625
-0.2235263437032699584960938
-0.2223110646009445190429688
-0.2211084365844726562500000
-0.2199138849973678588867188
-0.2187226563692092895507813
-0.2175349891185760498046875
-0.2163742929697036743164063
-0.2152124643325805664062500
-0.2140684425830841064453125
-0.2129186093807220458984375
-0.2117914110422134399414063
-0.2106585353612899780273438
-0.2095436602830886840820313
-0.2084326446056365966796875
-0.2073303014039993286132813
-0.2062507867813110351562500
-0.2051517963409423828125000
-0.2040757089853286743164063
-0.2030085325241088867187500
-0.2019549310207366943359375
-0.2008914798498153686523438
-0.1998511105775833129882813
-0.1988057643175125122070313
-0.1977741271257400512695313
-0.1967611312866210937500000
-0.1957478970289230346679688
-0.1947344690561294555664063
-0.1937303096055984497070313
-0.1927355080842971801757813
-0.1917501240968704223632813
-0.1907740682363510131835938
-0.1897981464862823486328125
-0.1888269484043121337890625
-0.1878700256347656250000000
-0.1869133114814758300781250
-0.1859708875417709350585938
-0.1850381493568420410156250
-0.1841010302305221557617188
-0.1831783056259155273437500
-0.1822607219219207763671875
-0.1813482344150543212890625
-0.1804361939430236816406250
-0.1795482486486434936523438
-0.1786419004201889038085938
-0.1777597069740295410156250
-0.1768781095743179321289063
-0.1760018765926361083984375
-0.1751310080289840698242188
-0.1742655783891677856445313
-0.1734102666378021240234375
-0.1725651919841766357421875
-0.1717162281274795532226563
-0.1708680987358093261718750
-0.1700443625450134277343750
-0.1688497662544250488281250
-0.1672179847955703735351563
-0.1656020432710647583007813
-0.1640140265226364135742188
-0.1624401062726974487304688
-0.1608921885490417480468750
-0.1593682169914245605468750
-0.1578566431999206542968750
-0.1563718020915985107421875
-0.1548975110054016113281250
-0.1534480452537536621093750
-0.1520212739706039428710938
-0.1506103873252868652343750
-0.1492155641317367553710938
-0.1478416621685028076171875
-0.1464819312095642089843750
-0.1451411545276641845703125
-0.1438148915767669677734375
-0.1425115913152694702148438
-0.1412207186222076416015625
-0.1399437487125396728515625
-0.1386890709400177001953125
-0.1374497562646865844726563
-0.1362213045358657836914063
-0.1350097507238388061523438
-0.1338164210319519042968750
-0.1326368153095245361328125
-0.1314663141965866088867188
-0.1303086429834365844726563
-0.1291745603084564208984375
-0.1280500441789627075195313
-0.1269411444664001464843750
-0.1258421391248703002929688
-0.1247566416859626770019531
-0.1236883625388145446777344
-0.1226268559694290161132813
-0.1215875372290611267089844
-0.1205469742417335510253906
-0.1195288598537445068359375
-0.1185203492641448974609375
-0.1175262928009033203125000
-0.1165373772382736206054688
-0.1155631542205810546875000
-0.1146013662219047546386719
-0.1136545240879058837890625
-0.1127120554447174072265625
-0.1117788627743721008300781
-0.1108620762825012207031250
-0.1099571138620376586914063
-0.1090546548366546630859375
-0.1081677228212356567382813
-0.1072905436158180236816406
-0.1064220741391181945800781
-0.1055635437369346618652344
-0.1047186031937599182128906
-0.1038790941238403320312500
-0.1030509918928146362304688
-0.1022308543324470520019531
-0.1014199703931808471679688
-0.1006160452961921691894531
-0.0998250395059585571289063
-0.0990388244390487670898438
-0.0982680767774581909179688
-0.0974952057003974914550781
-0.0967391133308410644531250
-0.0959904864430427551269531
-0.0952446758747100830078125
-0.0945088416337966918945313
-0.0937830433249473571777344
-0.0930661410093307495117188
-0.0923535525798797607421875
-0.0916512012481689453125000
-0.0909568294882774353027344
-0.0902681201696395874023438
-0.0895839855074882507324219
-0.0889115333557128906250000
-0.0882437974214553833007813
-0.0875843316316604614257813
-0.0869320556521415710449219
-0.0862823128700256347656250
-0.0856469124555587768554688
-0.0850130096077919006347656
-0.0843841508030891418457031
-0.0837627649307250976562500
-0.0831501111388206481933594
-0.0825438424944877624511719
-0.0819417089223861694335938
-0.0813460648059844970703125
-0.0807581990957260131835938
-0.0801734104752540588378906
-0.0795964747667312622070313
-0.0790274366736412048339844
-0.0784581378102302551269531
-0.0779003426432609558105469
-0.0773447230458259582519531
-0.0767972022294998168945313
-0.0762531086802482604980469
-0.0757160484790802001953125
-0.0751801505684852600097656
-0.0746560767292976379394531
-0.0741309002041816711425781
-0.0736140757799148559570313
-0.0730986222624778747558594
-0.0725904479622840881347656
-0.0720907524228096008300781
-0.0715925544500350952148438
-0.0711028948426246643066406
-0.0706124678254127502441406
-0.0701283216476440429687500
-0.0696516856551170349121094
-0.0691779106855392456054688
-0.0687070041894912719726563
-0.0682437345385551452636719
-0.0677786916494369506835938
-0.0673248991370201110839844
-0.0668705850839614868164063
-0.0664228722453117370605469
-0.0659794062376022338867188
-0.0655414462089538574218750
-0.0651078075170516967773438
-0.0646726489067077636718750
-0.0642477944493293762207031
-0.0638250038027763366699219
-0.0634019747376441955566406
-0.0629869699478149414062500
-0.0625753104686737060546875
-0.0621670410037040710449219
-0.0617609880864620208740234
-0.0613607428967952728271484
-0.0609627664089202880859375
-0.0605718120932579040527344
-0.0601808577775955200195313
-0.0597946196794509887695313
-0.0594107732176780700683594
-0.0590293705463409423828125
-0.0586539320647716522216797
-0.0582821443676948547363281
-0.0579117089509963989257813
-0.0575449466705322265625000
-0.0571807548403739929199219
-0.0568250082433223724365234
-0.0564683489501476287841797
-0.0561119392514228820800781
-0.0557617209851741790771484
-0.0554141774773597717285156
-0.0550704896450042724609375
-0.0547271855175495147705078
-0.0543901175260543823242188
-0.0540558248758316040039063
-0.0537219718098640441894531
-0.0533920824527740478515625
-0.0530626736581325531005859
-0.0527396276593208312988281
-0.0524170957505702972412109
-0.0520998127758502960205078
-0.0517854169011116027832031
-0.0514704398810863494873047
-0.0511607341468334197998047
-0.0508516468107700347900391
-0.0505479089915752410888672
-0.0502447970211505889892578
-0.0499423742294311523437500
-0.0496441461145877838134766
-0.0493489801883697509765625
-0.0490568764507770538330078
-0.0487655252218246459960938
-0.0484796166419982910156250
-0.0481933131814002990722656
-0.0479101501405239105224609
-0.0476289689540863037109375
-0.0473497770726680755615234
-0.0470714233815670013427734
-0.0467986352741718292236328
-0.0465255342423915863037109
-0.0462556630373001098632813
-0.0459902361035346984863281
-0.0457257106900215148925781
-0.0454621128737926483154297
-0.0451994650065898895263672
-0.0449401251971721649169922
-0.0446829423308372497558594
-0.0444279052317142486572266
-0.0441768243908882141113281
-0.0439273454248905181884766
-0.0436783023178577423095703
-0.0434308908879756927490234
-0.0431845299899578094482422
-0.0429404154419898986816406
-0.0427003242075443267822266
-0.0424619168043136596679688
-0.0422240272164344787597656
-0.0419866703450679779052734
-0.0417545586824417114257813
-0.0415224246680736541748047
-0.0412926077842712402343750
-0.0410645604133605957031250
-0.0408376790583133697509766
-0.0406131744384765625000000
-0.0403886884450912475585938
-0.0401689596474170684814453
-0.0399486757814884185791016
-0.0397302284836769104003906
-0.0395136065781116485595703
-0.0392988398671150207519531
-0.0390870980918407440185547
-0.0388748794794082641601563
-0.0386657007038593292236328
-0.0384566597640514373779297
-0.0382512770593166351318359
-0.0380472205579280853271484
-0.0378403663635253906250000
-0.0376395620405673980712891
-0.0374389328062534332275391
-0.0372396595776081085205078
-0.0370429381728172302246094
-0.0368464067578315734863281
-0.0366530343890190124511719
-0.0364587046205997467041016
-0.0362651981413364410400391
-0.0360766276717185974121094
-0.0358865447342395782470703
-0.0357008315622806549072266
-0.0355124436318874359130859
-0.0353302061557769775390625
-0.0351441390812397003173828
-0.0349612981081008911132813
-0.0347822904586791992187500
-0.0346035882830619812011719
-0.0344246067106723785400391
-0.0342459492385387420654297
-0.0340723283588886260986328
-0.0338972806930541992187500
-0.0337237529456615447998047
-0.0335511714220046997070313
-0.0333801209926605224609375
-0.0332106240093708038330078
-0.0330426730215549468994141
-0.0328756943345069885253906
-0.0327085182070732116699219
-0.0325458534061908721923828
-0.0323812365531921386718750
-0.0322205722332000732421875
-0.0320567898452281951904297
-0.0318969637155532836914063
-0.0317381620407104492187500
-0.0315809622406959533691406
-0.0314248055219650268554688
-0.0312696918845176696777344
-0.0311132632195949554443359
-0.0309590641409158706665039
-0.0308053381741046905517578
-0.0306550301611423492431641
-0.0305052045732736587524414
-0.0303564555943012237548828
-0.0302076172083616256713867
-0.0300592761486768722534180
-0.0298485681414604187011719
-0.0295606460422277450561523
-0.0292745307087898254394531
-0.0289938021451234817504883
-0.0287158656865358352661133
-0.0284419320523738861083984
-0.0281720403581857681274414
-0.0279053580015897750854492
-0.0276428051292896270751953
-0.0273823589086532592773438
-0.0271255373954772949218750
-0.0268738400191068649291992
-0.0266240704804658889770508
-0.0263777412474155426025391
-0.0261345859616994857788086
-0.0258946456015110015869141
-0.0256576593965291976928711
-0.0254233628511428833007813
-0.0251926798373460769653320
-0.0249641612172126770019531
-0.0247390214353799819946289
-0.0245178807526826858520508
-0.0242975261062383651733398
-0.0240806434303522109985352
-0.0238663777709007263183594
-0.0236550457775592803955078
-0.0234469808638095855712891
-0.0232401434332132339477539
-0.0230363272130489349365234
-0.0228346772491931915283203
-0.0226363912224769592285156
-0.0224397368729114532470703
-0.0222459118813276290893555
-0.0220546443015336990356445
-0.0218647848814725875854492
-0.0216781292110681533813477
-0.0214929245412349700927734
-0.0213103722780942916870117
-0.0211302023380994796752930
-0.0209512617439031600952148
-0.0207756254822015762329102
-0.0206012614071369171142578
-0.0204293653368949890136719
-0.0202593673020601272583008
-0.0200915858149528503417969
-0.0199245605617761611938477
-0.0197600871324539184570313
-0.0195978842675685882568359
-0.0194373838603496551513672
-0.0192786008119583129882813
-0.0191218480467796325683594
-0.0189662668853998184204102
-0.0188136324286460876464844
-0.0186619013547897338867188
-0.0185113959014415740966797
-0.0183630008250474929809570
-0.0182170346379280090332031
-0.0180723331868648529052734
-0.0179283265024423599243164
-0.0177867952734231948852539
-0.0176465716212987899780273
-0.0175079721957445144653320
-0.0173718892037868499755859
-0.0172351021319627761840820
-0.0171011574566364288330078
-0.0169685892760753631591797
-0.0168374273926019668579102
-0.0167073756456375122070313
-0.0165787450969219207763672
-0.0164518486708402633666992
-0.0163261014968156814575195
-0.0162015240639448165893555
-0.0160784181207418441772461
-0.0159570910036563873291016
-0.0158366728574037551879883
-0.0157174691557884216308594
-0.0155997853726148605346680
-0.0154827460646629333496094
-0.0153669593855738639831543
-0.0152536062523722648620605
-0.0151400510221719741821289
-0.0150277791544795036315918
-0.0149170877411961555480957
-0.0148074021562933921813965
-0.0146990288048982620239258
-0.0145916817709803581237793
-0.0144850788637995719909668
-0.0143803991377353668212891
-0.0142758917063474655151367
-0.0141727449372410774230957
-0.0140706673264503479003906
-0.0139699699357151985168457
-0.0138697745278477668762207
-0.0137706780806183815002441
-0.0136728351935744285583496
-0.0135752260684967041015625
-0.0134791843593120574951172
-0.0133848628029227256774902
-0.0132903568446636199951172
-0.0131967086344957351684570
-0.0131049519404768943786621
-0.0130128851160407066345215
-0.0129225803539156913757324
-0.0128327198326587677001953
-0.0127440448850393295288086
-0.0126561233773827552795410
-0.0125689562410116195678711
-0.0124827092513442039489746
-0.0123975267633795738220215
-0.0123126814141869544982910
-0.0122289191931486129760742
-0.0121456552296876907348633
-0.0120636336505413055419922
-0.0119819706305861473083496
-0.0119015686213970184326172
-0.0118210976943373680114746
-0.0117418942973017692565918
-0.0116638140752911567687988
-0.0115861315280199050903320
-0.0115091428160667419433594
-0.0114330006763339042663574
-0.0113577153533697128295898
-0.0112822558730840682983398
-0.0112076643854379653930664
-0.0111346794292330741882324
-0.0110616832971572875976563
-0.0109898643568158149719238
-0.0109179029241204261779785
-0.0108471270650625228881836
-0.0107768038287758827209473
-0.0107073821127414703369141
-0.0106385732069611549377441
-0.0105697913095355033874512
-0.0105023672804236412048340
-0.0104351276531815528869629
-0.0103686656802892684936523
-0.0103031350299715995788574
-0.0102376546710729598999023
-0.0101726697757840156555176
-0.0101087782531976699829102
-0.0100449472665786743164063
-0.0099819228053092956542969
-0.0099192643538117408752441
-0.0098571255803108215332031
-0.0097956573590636253356934
-0.0097351549193263053894043
-0.0096747437492012977600098
-0.0096150124445557594299316
-0.0095555270090699195861816
-0.0094965817406773567199707
-0.0094384765252470970153809
-0.0093809226527810096740723
-0.0093231862410902976989746
-0.0092661511152982711791992
-0.0092098284512758255004883
-0.0091542126610875129699707
-0.0090988725423812866210938
-0.0090439533814787864685059
-0.0089891701936721801757813
-0.0089352577924728393554688
-0.0088819265365600585937500
-0.0088288849219679832458496
-0.0087759885936975479125977
-0.0087239779531955718994141
-0.0086721181869506835937500
-0.0086208572611212730407715
-0.0085698999464511871337891
-0.0085193999111652374267578
-0.0084695033729076385498047
-0.0084193358197808265686035
-0.0083706593140959739685059
-0.0083212750032544136047363
-0.0082732439041137695312500
-0.0082248020917177200317383
-0.0081768343225121498107910
-0.0081299347802996635437012
-0.0080832233652472496032715
-0.0080364048480987548828125
-0.0079903686419129371643066
-0.0079446732997894287109375
-0.0078993216156959533691406
-0.0078541701659560203552246
-0.0078092184849083423614502
-0.0077650630846619606018066
-0.0077211139723658561706543
-0.0076773725450038909912109
-0.0076341377571225166320801
-0.0075908228754997253417969
-0.0075484593398869037628174
-0.0075063160620629787445068
-0.0074640978127717971801758
-0.0074226912111043930053711
-0.0073807751759886741638184
-0.0073404116556048393249512
-0.0072992444038391113281250
-0.0072590466588735580444336
-0.0072190822102129459381104
-0.0071796476840972900390625
-0.0071398620493710041046143
-0.0071009052917361259460449
-0.0070621897466480731964111
-0.0070231305435299873352051
-0.0069851982407271862030029
-0.0069472207687795162200928
-0.0069096386432647705078125
-0.0068723089061677455902100
-0.0068350830115377902984619
-0.0067979684099555015563965
-0.0067616966553032398223877
-0.0067253895103931427001953
-0.0066896388307213783264160
-0.0066537065431475639343262
-0.0066184815950691699981689
-0.0065830792300403118133545
-0.0065482393838465213775635
-0.0065135201439261436462402
-0.0064790719188749790191650
-0.0064453370869159698486328
-0.0064109936356544494628906
-0.0063773659057915210723877
-0.0063440166413784027099609
-0.0063110915943980216979980
-0.0062778587453067302703857
-0.0062453472055494785308838
-0.0062126801349222660064697
-0.0061804414726793766021729
-0.0061487853527069091796875
-0.0061171217821538448333740
-0.0060854521580040454864502
-0.0060540721751749515533447
-0.0060229846276342868804932
-0.0059921913780272006988525
-0.0059616896323859691619873
-0.0059311920776963233947754
-0.0059008421376347541809082
-0.0058709383010864257812500
-0.0058410409837961196899414
-0.0058115902356803417205811
-0.0057824421674013137817383
-0.0057531571947038173675537
-0.0057243220508098602294922
-0.0056956475600600242614746
-0.0056671323254704475402832
-0.0056386310607194900512695
-0.0056108827702701091766357
-0.0055825593881309032440186
-0.0055549908429384231567383
-0.0055274409241974353790283
-0.0055000586435198783874512
-0.0054728440009057521820068
-0.0054457993246614933013916
-0.0054190708324313163757324
-0.0053926622495055198669434
-0.0053661321289837360382080
-0.0053396280854940414428711
-0.0053138863295316696166992
-0.0052765551954507827758789
-0.0052255620248615741729736
-0.0051750638522207736968994
-0.0051254383288323879241943
-0.0050762533210217952728271
-0.0050278808921575546264648
-0.0049802567809820175170898
-0.0049330200999975204467773
-0.0048866188153624534606934
-0.0048405472189188003540039
-0.0047952514141798019409180
-0.0047506648115813732147217
-0.0047065746039152145385742
-0.0046629863791167736053467
-0.0046200519427657127380371
-0.0045775603502988815307617
-0.0045356610789895057678223
-0.0044942153617739677429199
-0.0044534872286021709442139
-0.0044131474569439888000488
-0.0043732421472668647766113
-0.0043340334668755531311035
-0.0042953048832714557647705
-0.0042569157667458057403564
-0.0042190547101199626922607
-0.0041817631572484970092773
-0.0041449004784226417541504
-0.0041083223186433315277100
-0.0040721450932323932647705
-0.0040367050096392631530762
-0.0040015638805925846099854
-0.0039669107645750045776367
-0.0039325668476521968841553
-0.0038986450526863336563110
-0.0038652613293379545211792
-0.0038320892490446567535400
-0.0037996105384081602096558
-0.0037670929450541734695435
-0.0037352768704295158386230
-0.0037037609145045280456543
-0.0036726966500282287597656
-0.0036417930386960506439209
-0.0036113485693931579589844
-0.0035812926944345235824585
-0.0035517038777470588684082
-0.0035222517326474189758301
-0.0034930894616991281509399
-0.0034644398838281631469727
-0.0034361598081886768341064
-0.0034079579636454582214355
-0.0033802413381636142730713
-0.0033528294879943132400513
-0.0033256898168474435806274
-0.0032988607417792081832886
-0.0032724563498049974441528
-0.0032462216913700103759766
-0.0032203434966504573822021
-0.0031947141978889703750610
-0.0031693740747869014739990
-0.0031442514155060052871704
-0.0031195324845612049102783
-0.0030949632637202739715576
-0.0030708773992955684661865
-0.0030467251781374216079712
-0.0030230972915887832641602
-0.0029997027013450860977173
-0.0029763961210846900939941
-0.0029534013010561466217041
-0.0029307201039046049118042
-0.0029083169065415859222412
-0.0028860485181212425231934
-0.0028641000390052795410156
-0.0028424009215086698532104
-0.0028208787553012371063232
-0.0027994995471090078353882
-0.0027784854173660278320313
-0.0027576186694204807281494
-0.0027370103634893894195557
-0.0027166267391294240951538
-0.0026963222771883010864258
-0.0026764660142362117767334
-0.0026566565502434968948364
-0.0026370047125965356826782
-0.0026175864040851593017578
-0.0025984409730881452560425
-0.0025794950779527425765991
-0.0025606784038245677947998
-0.0025420645251870155334473
-0.0025236937217414379119873
-0.0025054190773516893386841
-0.0024873898364603519439697
-0.0024696073960512876510620
-0.0024518168065696954727173
-0.0024343857076019048690796
-0.0024170225951820611953735
-0.0023999125696718692779541
-0.0023829096462577581405640
-0.0023661265149712562561035
-0.0023493797052651643753052
-0.0023330023977905511856079
-0.0023165906313806772232056
-0.0023004398681223392486572
-0.0022843319457024335861206
-0.0022684514988213777542114
-0.0022528360132128000259399
-0.0022372673265635967254639
-0.0022219654638320207595825
-0.0022066396195441484451294
-0.0021915100514888763427734
-0.0021766151767224073410034
-0.0021618097089231014251709
-0.0021470938809216022491455
-0.0021326167043298482894897
-0.0021180841140449047088623
-0.0021039030980318784713745
-0.0020897057838737964630127
-0.0020757147576659917831421
-0.0020618564449250698089600
-0.0020481701940298080444336
-0.0020346189849078655242920
-0.0020210202783346176147461
-0.0020077435765415430068970
-0.0019945313688367605209351
-0.0019813117105513811111450
-0.0019683428108692169189453
-0.0019554784521460533142090
-0.0019427200313657522201538
-0.0019300308777019381523132
-0.0019175232155248522758484
-0.0019050864502787590026855
-0.0018928691279143095016479
-0.0018806518055498600006104
-0.0018685818649828433990479
-0.0018565866630524396896362
-0.0018446678295731544494629
-0.0018329353770241141319275
-0.0018213170114904642105103
-0.0018097409047186374664307
-0.0017982795834541320800781
-0.0017868985887616872787476
-0.0017757815076038241386414
-0.0017646359046921133995056
-0.0017534981016069650650024
-0.0017425537807866930961609
-0.0017316930461674928665161
-0.0017209528014063835144043
-0.0017102245474234223365784
-0.0016996911726891994476318
-0.0016892445273697376251221
-0.0016788116190582513809204
-0.0016685025766491889953613
-0.0016582085518166422843933
-0.0016481133643537759780884
-0.0016380342422053217887878
-0.0016281191492453217506409
-0.0016182942781597375869751
-0.0016084512462839484214783
-0.0015987729420885443687439
-0.0015891139628365635871887
-0.0015796221559867262840271
-0.0015701499069109559059143
-0.0015606991946697235107422
-0.0015513795660808682441711
-0.0015421556308865547180176
-0.0015330273890867829322815
-0.0015239226631820201873779
-0.0015149880200624465942383
-0.0015060410369187593460083
-0.0014971921918913722038269
-0.0014884052798151969909668
-0.0014796805335208773612976
-0.0014709819806739687919617
-0.0014624573523178696632385
-0.0014539229450747370719910
-0.0014454894699156284332275
-0.0014371948782354593276978
-0.0014289284590631723403931
-0.0014206910273060202598572
-0.0014124832814559340476990
-0.0014043789124116301536560
-0.0013963419478386640548706
-0.0013883720384910702705383
-0.0013805257622152566909790
-0.0013727295445278286933899
-0.0013649469474330544471741
-0.0013572153402492403984070
-0.0013495165621861815452576
-0.0013418879825621843338013
-0.0013343851314857602119446
-0.0013269349001348018646240
-0.0013195008505135774612427
-0.0013120834482833743095398
-0.0013048299588263034820557
-0.0012975757708773016929626
-0.0012903939932584762573242
-0.0012832675129175186157227
-0.0012761774705722928047180
-0.0012691617012023925781250
-0.0012621465139091014862061
-0.0012552799889817833900452
-0.0012483961181715130805969
-0.0012415696401149034500122
-0.0012348002055659890174866
-0.0012280887458473443984985
-0.0012214718153700232505798
-0.0012148399837315082550049
-0.0012083031469956040382385
-0.0012017706176266074180603
-0.0011953524081036448478699
-0.0011889756424352526664734
-0.0011825114488601684570313
-0.0011762363137677311897278
-0.0011699666501954197883606
-0.0011637393618002533912659
-0.0011575918179005384445190
-0.0011514502111822366714478
-0.0011454073246568441390991
-0.0011393345193937420845032
-0.0011332874419167637825012
-0.0011273946147412061691284
-0.0011214545229449868202209
-0.0011156509863212704658508
-0.0011097638634964823722839
-0.0011040689423680305480957
-0.0010982543462887406349182
-0.0010925405658781528472900
-0.0010869465768337249755859
-0.0010813621338456869125366
-0.0010757689597085118293762
-0.0010701859137043356895447
-0.0010647602612152695655823
-0.0010592900216579437255859
-0.0010538672795519232749939
-0.0010484741069376468658447
-0.0010431287810206413269043
-0.0010378320002928376197815
-0.0010325835319235920906067
-0.0010273654479533433914185
-0.0010221411939710378646851
-0.0010170579189434647560120
-0.0010119136422872543334961
-0.0010068928822875022888184
-0.0010017746826633810997009
-0.0009967801161110401153564
-0.0009918175637722015380859
-0.0009869050700217485427856
-0.0009820251725614070892334
-0.0009771778713911771774292
-0.0009722894756123423576355
-0.0009674707544036209583282
-0.0009626668179407715797424
-0.0009579696925356984138489
-0.0009532876429148018360138
-0.0009486392373219132423401
-0.0009439880377613008022308
-0.0009393523796461522579193
-0.0009327677544206380844116
-0.0009237701888196170330048
-0.0009148290846496820449829
-0.0009060563170351088047028
-0.0008973708027042448520660
-0.0008888103766366839408875
-0.0008803762611933052539825
-0.0008720424375496804714203
-0.0008638376602903008460999
-0.0008556987158954143524170
-0.0008476730436086654663086
-0.0008398075005970895290375
-0.0008320022025145590305328
-0.0008243044139817357063293
-0.0008167058113031089305878
-0.0008092076750472187995911
-0.0008018018561415374279022
-0.0007944800890982151031494
-0.0007872712449170649051666
-0.0007801300380378961563110
-0.0007730944198556244373322
-0.0007661837735213339328766
-0.0007592976908199489116669
-0.0007525201071985065937042
-0.0007458243053406476974487
-0.0007392201805487275123596
-0.0007327181519940495491028
-0.0007262544822879135608673
-0.0007198852254077792167664
-0.0007135836640372872352600
-0.0007073872257024049758911
-0.0007012417772784829139709
-0.0006951847462914884090424
-0.0006892076344229280948639
-0.0006832745275460183620453
-0.0006774415378458797931671
-0.0006716538919135928153992
-0.0006659491336904466152191
-0.0006603188230656087398529
-0.0006547269294969737529755
-0.0006492382963187992572784
-0.0006437894189730286598206
-0.0006384176667779684066772
-0.0006331052281893789768219
-0.0006278620567172765731812
-0.0006226425175555050373077
-0.0006175027228891849517822
-0.0006124338833615183830261
-0.0006074182456359267234802
-0.0006024562753736972808838
-0.0005975577514618635177612
-0.0005926958401687443256378
-0.0005879260133951902389526
-0.0005831844173371791839600
-0.0005784811219200491905212
-0.0005738437757827341556549
-0.0005692823324352502822876
-0.0005647604120895266532898
-0.0005602602032013237476349
-0.0005558373522944748401642
-0.0005514553631655871868134
-0.0005471241311170160770416
-0.0005428715376183390617371
-0.0005385969416238367557526
-0.0005344111705198884010315
-0.0005302684148773550987244
-0.0005261696060188114643097
-0.0005221054889261722564697
-0.0005180857842788100242615
-0.0005141202709637582302094
-0.0005101906717754900455475
-0.0005062976269982755184174
-0.0005024505662731826305389
-0.0004986590938642621040344
-0.0004948960267938673496246
-0.0004911709111183881759644
-0.0004874932928942143917084
-0.0004838358145207166671753
-0.0004802174807991832494736
-0.0004766751953866332769394
-0.0004731265944428741931915
-0.0004696180985774844884872
-0.0004661589919123798608780
-0.0004627313173841685056686
-0.0004593446501530706882477
-0.0004559900553431361913681
-0.0004526587144937366247177
-0.0004493874730542302131653
-0.0004461216158233582973480
-0.0004428982792887836694717
-0.0004397083539515733718872
-0.0004365615604910999536514
-0.0004334304539952427148819
-0.0004303336900193244218826
-0.0004272760997992008924484
-0.0004242258146405220031738
-0.0004212245112285017967224
-0.0004182769625913351774216
-0.0004153236513957381248474
-0.0004123971448279917240143
-0.0004095297481399029493332
-0.0004066526598762720823288
-0.0004038306360598653554916
-0.0004010224947705864906311
-0.0003982514026574790477753
-0.0003955038555432111024857
-0.0003927798825316131114960
-0.0003900846641045063734055
-0.0003874227113556116819382
-0.0003847712941933423280716
-0.0003821537247858941555023
-0.0003795517259277403354645
-0.0003769885515794157981873
-0.0003744365822058171033859
-0.0003719240194186568260193
-0.0003694093029480427503586
-0.0003669341967906802892685
-0.0003644941898528486490250
-0.0003620666102506220340729
-0.0003596607130020856857300
-0.0003572812711354345083237
-0.0003549286047928035259247
-0.0003525704960338771343231
-0.0003502395120449364185333
-0.0003479587321635335683823
-0.0003456776030361652374268
-0.0003434332611504942178726
-0.0003411844663787633180618
-0.0003389727207832038402557
-0.0003367751196492463350296
-0.0003346056910231709480286
-0.0003324554127175360918045
-0.0003303059784229844808578
-0.0003281989775132387876511
-0.0003260977391619235277176
-0.0003240208025090396404266
-0.0003219729696866124868393
-0.0003199267084710299968719
-0.0003178959304932504892349
-0.0003158993204124271869659
-0.0003139046020805835723877
-0.0003119350876659154891968
-0.0003099770110566169023514
-0.0003080351743847131729126
-0.0003061142924707382917404
-0.0003042235912289470434189
-0.0003023357421625405550003
-0.0003004691388923674821854
-0.0002986102190334349870682
-0.0002967681793961673974991
-0.0002949523914139717817307
-0.0002931538328994065523148
-0.0002913495700340718030930
-0.0002895672223530709743500
-0.0002878071391023695468903
-0.0002860691456589847803116
-0.0002843397669494152069092
-0.0002826235431712120771408
-0.0002809115685522556304932
-0.0002792268060147762298584
-0.0002775602042675018310547
-0.0002759026538114994764328
-0.0002742496435530483722687
-0.0002726243110373616218567
-0.0002710036933422088623047
-0.0002694017894100397825241
-0.0002678093733265995979309
-0.0002662312472239136695862
-0.0002646719804033637046814
-0.0002631042443681508302689
-0.0002615831035654991865158
-0.0002600398438517004251480
-0.0002585388720035552978516
-0.0002570250653661787509918
-0.0002555260725785046815872
-0.0002540604618843644857407
-0.0002526007301639765501022
-0.0002511376515030860900879
-0.0002496990200597792863846
-0.0002482710406184196472168
-0.0002468538004904985427856
-0.0002454428176861256361008
-0.0002440380776533856987953
-0.0002426582213956862688065
-0.0002412848116364330053329
-0.0002399178920313715934753
-0.0002385668049100786447525
-0.0002372132148593664169312
-0.0002358893543714657425880
-0.0002345723769394680857658
-0.0002332530566491186618805
-0.0002319591003470122814178
-0.0002306492242496460676193
-0.0002293878642376512289047
-0.0002281013876199722290039
-0.0002268452080897986888885
-0.0002255963190691545605659
-0.0002243639901280403137207
-0.0002231206890428438782692
-0.0002219032903667539358139
-0.0002206934295827522873878
-0.0002194728294853121042252
-0.0002182874450227245688438
-0.0002171006490243598818779
-0.0002159262076020240783691
-0.0002147596533177420496941
-0.0002135963441105559468269
-0.0002124365128111094236374
-0.0002113030204782262444496
-0.0002101684221997857093811
-0.0002090512134600430727005
-0.0002079283294733613729477
-0.0002068275498459115624428
-0.0002057212259387597441673
-0.0002046324807452037930489
-0.0002035475044976919889450
-0.0002024709974648430943489
-0.0002014167839661240577698
-0.0002003435511142015457153
-0.0001992926845559850335121
-0.0001982505200430750846863
-0.0001972216123249381780624
-0.0001961830857908353209496
-0.0001951671001734212040901
-0.0001941462542163208127022
-0.0001931387960212305188179
-0.0001921495422720909118652
-0.0001911600556923076510429
-0.0001901703799376264214516
-0.0001891897554742172360420
-0.0001882182696135714650154
-0.0001872559805633500218391
-0.0001863028010120615363121
-0.0001853497524280101060867
-0.0001844013168010860681534
-0.0001834668219089508056641
-0.0001825325307436287403107
-0.0001816121948650106787682
-0.0001807013177312910556793
-0.0001797861623344942927361
-0.0001788850640878081321716
-0.0001779889862518757581711
-0.0001770978851709514856339
-0.0001762072206474840641022
-0.0001753400865709409117699
-0.0001744549808790907263756
-0.0001735934638418257236481
-0.0001727325288811698555946
-0.0001718768326099961996078
-0.0001710263750283047556877
-0.0001701812288956716656685
-0.0001693459635134786367416
-0.0001685206952970474958420
-0.0001676916290307417511940
-0.0001668633776716887950897
-0.0001660589477978646755219
-0.0001648923498578369617462
-0.0001632988132769241929054
-0.0001617207453818991780281
-0.0001601699477760121226311
-0.0001586329162819311022758
-0.0001571212778799235820770
-0.0001556330244056880474091
-0.0001541568781249225139618
-0.0001527068379800766706467
-0.0001512671005912125110626
-0.0001498516066931188106537
-0.0001484582753619179129601
-0.0001470804563723504543304
-0.0001457183243473991751671
-0.0001443766232114285230637
-0.0001430487609468400478363
-0.0001417394087184220552444
-0.0001404442300554364919662
-0.0001391714758938178420067
-0.0001379108580294996500015
-0.0001366638171020895242691
-0.0001354385458398610353470
-0.0001342282776022329926491
-0.0001330286177108064293861
-0.0001318454596912488341331
-0.0001306800986640155315399
-0.0001295281399507075548172
-0.0001283850724576041102409
-0.0001272545341635122895241
-0.0001261470315512269735336
-0.0001250488712685182690620
-0.0001239659613929688930511
-0.0001228927139891311526299
-0.0001218326578964479267597
-0.0001207894165418110787868
-0.0001197527890326455235481
-0.0001187378293252550065517
-0.0001177216545329429209232
-0.0001167274022009223699570
-0.0001157425285782665014267
-0.0001147717703133821487427
-0.0001138060324592515826225
-0.0001128546427935361862183
-0.0001119153967010788619518
-0.0001109907461795955896378
-0.0001100703666452318429947
-0.0001091590456780977547169
-0.0001082637463696300983429
-0.0001073799940058961510658
-0.0001064986863639205694199
-0.0001056325418176129460335
-0.0001047759214998222887516
-0.0001039278067764826118946
-0.0001030893981806002557278
-0.0001022642609314061701298
-0.0001014444278553128242493
-0.0001006357342703267931938
-0.0000998348186840303242207
-0.0000990429398370906710625
-0.0000982578567345626652241
-0.0000974853901425376534462
-0.0000967176019912585616112
-0.0000959649187279865145683
-0.0000952101618167944252491
-0.0000944717903621494770050
-0.0000937407094170339405537
-0.0000930123787838965654373
-0.0000922937906580045819283
-0.0000915850032470189034939
-0.0000908849033294245600700
-0.0000901890161912888288498
-0.0000895031262189149856567
-0.0000888250287971459329128
-0.0000881524611031636595726
-0.0000874843608471564948559
-0.0000868276692926883697510
-0.0000861755834193900227547
-0.0000855315738590434193611
-0.0000848945855977945029736
-0.0000842600711621344089508
-0.0000836395629448816180229
-0.0000830205171951092779636
-0.0000824063972686417400837
-0.0000817995751276612281799
-0.0000812012804090045392513
-0.0000806092211860232055187
-0.0000800212001195177435875
-0.0000794395164120942354202
-0.0000788654288044199347496
-0.0000782943461672402918339
-0.0000777309323893859982491
-0.0000771752311266027390957
-0.0000766192752053029835224
-0.0000760745533625595271587
-0.0000755319560994394123554
-0.0000749972678022459149361
-0.0000744659264455549418926
-0.0000739414535928517580032
-0.0000734181157895363867283
-0.0000729063249309547245502
-0.0000723934572306461632252
-0.0000718887458788231015205
-0.0000713853733032010495663
-0.0000708891093381680548191
-0.0000704011254129000008106
-0.0000699146039551123976707
-0.0000694364207447506487370
-0.0000689574881107546389103
-0.0000684846891090273857117
-0.0000680192242725752294064
-0.0000675565534038469195366
-0.0000670966837788000702858
-0.0000666442720103077590466
-0.0000661901285639032721519
-0.0000657469718134962022305
-0.0000653033057460561394691
-0.0000648660861770622432232
-0.0000644330139039084315300
-0.0000640053185634315013885
-0.0000635818432783707976341
-0.0000631568836979568004608
-0.0000627419867669232189655
-0.0000623291052761487662792
-0.0000619159909547306597233
-0.0000615107128396630287170
-0.0000611087016295641660690
-0.0000607100009801797568798
-0.0000603134649281855672598
-0.0000599226004851516336203
-0.0000595339515712112188339
-0.0000591521602473221719265
-0.0000587703689234331250191
-0.0000583931832807138562202
-0.0000580183332203887403011
-0.0000576458696741610765457
-0.0000572792305320035666227
-0.0000569161566090770065784
-0.0000565544032724574208260
-0.0000561962369829416275024
-0.0000558405808988027274609
-0.0000554931721126195043325
-0.0000551448720216285437346
-0.0000547968156752176582813
-0.0000544548056495841592550
-0.0000541154076927341520786
-0.0000537797750439494848251
-0.0000534445171069819480181
-0.0000531153491465374827385
-0.0000527888914803043007851
-0.0000524628630955703556538
-0.0000521407055202871561050
-0.0000518190172442700713873
-0.0000515035426360554993153
-0.0000511885700689163058996
-0.0000508787234139163047075
-0.0000505716961924917995930
-0.0000502641014463733881712
-0.0000499616544402670115232
-0.0000496598113386426120996
-0.0000493631923745851963758
-0.0000490671845909673720598
-0.0000487718498334288597107
-0.0000484806114400271326303
-0.0000481923634652048349380
-0.0000479071059089619666338
-0.0000476225832244381308556
-0.0000473433756269514560699
-0.0000470637824037112295628
-0.0000467872559966053813696
-0.0000465126649942249059677
-0.0000462400166725274175406
-0.0000459681868960615247488
-0.0000457017922599334269762
-0.0000454350920335855334997
-0.0000451715459348633885384
-0.0000449123399448581039906
-0.0000446540143457241356373
-0.0000443965946033131331205
-0.0000441401025454979389906
-0.0000438868410128634423018
-0.0000436356858699582517147
-0.0000433866262028459459543
-0.0000431414300692267715931
-0.0000428977982664946466684
-0.0000426545921072829514742
-0.0000424129793827887624502
-0.0000421723925683181732893
-0.0000419339994550682604313
-0.0000416995353589300066233
-0.0000414667156292125582695
-0.0000412344015785492956638
-0.0000410026077588554471731
-0.0000407759362133219838142
-0.0000405492428399156779051
-0.0000403248122893273830414
-0.0000401021097786724567413
-0.0000398805459553841501474
-0.0000396613031625747680664
-0.0000394420785596594214439
-0.0000392274996556807309389
-0.0000390123786928597837687
-0.0000387990512535907328129
-0.0000385875064239371567965
-0.0000383777733077295124531
-0.0000381709942303132265806
-0.0000379637494916096329689
-0.0000377594733436126261950
-0.0000375553318008314818144
-0.0000373547627532389014959
-0.0000371554888261016458273
-0.0000369534827768802642822
-0.0000367573848052415996790
-0.0000365614578186068683863
-0.0000363668550562579184771
-0.0000361747443093918263912
-0.0000359828190994448959827
-0.0000357939788955263793468
-0.0000356042037310544401407
-0.0000354152325598988682032
-0.0000352310817106626927853
-0.0000350454538420308381319
-0.0000348640933225397020578
-0.0000346801207342650741339
-0.0000345021544490009546280
-0.0000343204483215231448412
-0.0000341418926836922764778
-0.0000339670805260539054871
-0.0000337925666826777160168
-0.0000336177799908909946680
-0.0000334433098032604902983
-0.0000332737581629771739244
-0.0000331028131768107414246
-0.0000329333524859976023436
-0.0000327648158418014645576
-0.0000325977744068950414658
-0.0000324322500091511756182
-0.0000322682353726122528315
-0.0000321051702485419809818
-0.0000319419123115949332714
-0.0000317830599669832736254
-0.0000316223013214766979218
-0.0000314654025714844465256
-0.0000313054588332306593657
-0.0000311493786284700036049
-0.0000309942988678812980652
-0.0000308407834381796419621
-0.0000306882866425439715385
-0.0000305368084809742867947
-0.0000303840461128856986761
-0.0000302334610751131549478
-0.0000300833380606491118670
-0.0000299365528917405754328
-0.0000297902388410875573754
-0.0000296449761663097888231
-0.0000294996261800406500697
-0.0000293547618639422580600
-0.0000291489923256449401379
-0.0000288678184006130322814
-0.0000285884088953025639057
-0.0000283142599073471501470
-0.0000280428375845076516271
-0.0000277753242698963731527
-0.0000275117581622907891870
-0.0000272513261734275147319
-0.0000269949268840719014406
-0.0000267405848717316985130
-0.0000264897826127707958221
-0.0000262439843936590477824
-0.0000260000688285799697042
-0.0000257595129369292408228
-0.0000255220566032221540809
-0.0000252877398452255874872
-0.0000250563080044230446219
-0.0000248275027843192219734
-0.0000246022264036582782865
-0.0000243790636886842548847
-0.0000241592006204882636666
-0.0000239432429225416854024
-0.0000237280528381234034896
-0.0000235162533499533310533
-0.0000233070095418952405453
-0.0000231006306421477347612
-0.0000228974422498140484095
-0.0000226954525714972987771
-0.0000224964132939931005239
-0.0000222994895011652261019
-0.0000221058508032001554966
-0.0000219138055399525910616
-0.0000217245233216090127826
-0.0000215377385757165029645
-0.0000213523289858130738139
-0.0000211700480576837435365
-0.0000209891841222997754812
-0.0000208109104278264567256
-0.0000206349632208002731204
-0.0000204602165467804297805
-0.0000202886967599624767900
-0.0000201184193429071456194
-0.0000199505520868115127087
-0.0000197845383809180930257
-0.0000196206892724148929119
-0.0000194575786736095324159
-0.0000192969600902870297432
-0.0000191385588550474494696
-0.0000189818201761227101088
-0.0000188267586054280400276
-0.0000186736797331832349300
-0.0000185217450052732601762
-0.0000183726879185996949673
-0.0000182245130417868494987
-0.0000180775350600015372038
-0.0000179326179932104423642
-0.0000177900728886015713215
-0.0000176487628777977079153
-0.0000175081313500413671136
-0.0000173699172592023387551
-0.0000172329800989245995879
-0.0000170976290974067524076
-0.0000169647355505730956793
-0.0000168311544257448986173
-0.0000167003490787465125322
-0.0000165708879649173468351
-0.0000164428001880878582597
-0.0000163157965289428830147
-0.0000161901807587128132582
-0.0000160662584676174446940
-0.0000159434584929840639234
-0.0000158218008436961099505
-0.0000157015801960369572043
-0.0000155830966832581907511
-0.0000154655008373083546758
-0.0000153490909724496304989
-0.0000152341654029441997409
-0.0000151198692037723958492
-0.0000150067962749744765460
-0.0000148960998558322899044
-0.0000147852060763398185372
-0.0000146755655805463902652
-0.0000145674684972618706524
-0.0000144603536682552658021
-0.0000143545203172834590077
-0.0000142496892294730059803
-0.0000141455848279292695224
-0.0000140433585329446941614
-0.0000139413004944799467921
-0.0000138405712277744896710
-0.0000137408860609866678715
-0.0000136425487653468735516
-0.0000135447016873513348401
-0.0000134479278131038881838
-0.0000133523781187250278890
-0.0000132570567075163125992
-0.0000131632659758906811476
-0.0000130711550809792242944
-0.0000129788641061168164015
-0.0000128874107758747413754
-0.0000127978046293719671667
-0.0000127078956211335025728
-0.0000126197073768707923591
-0.0000125319529615808278322
-0.0000124453563330462202430
-0.0000123594954857253469527
-0.0000122743713291129097342
-0.0000121901457532658241689
-0.0000121069597298628650606
-0.0000120241029435419477522
-0.0000119423038995591923594
-0.0000118609914352418854833
-0.0000117808922368567436934
-0.0000117011431939317844808
-0.0000116226256068330258131
-0.0000115440407171263359487
-0.0000114666936497087590396
-0.0000113904434329015202820
-0.0000113145815703319385648
-0.0000112393972813151776791
-0.0000111650397229823283851
-0.0000110915188997751101851
-0.0000110178280010586604476
-0.0000109449847514042630792
-0.0000108737103801104240119
-0.0000108024250948801636696
-0.0000107322894109529443085
-0.0000106620145743363536894
-0.0000105928975244751200080
-0.0000105242224890389479697
-0.0000104564278444740921259
-0.0000103892316474230028689
-0.0000103220618257182650268
-0.0000102562180472887121141
-0.0000101905543488101102412
-0.0000101256500784074887633
-0.0000100616553027066402137
-0.0000099977096397196874022
-0.0000099342478279140777886
-0.0000098718537628883495927
-0.0000098095188150182366371
-0.0000097479714895598590374
-0.0000096867815955192781985
-0.0000096260991995222866535
-0.0000095660716397105716169
-0.0000095069872259045951068
-0.0000094479919425793923438
-0.0000093896605903864838183
-0.0000093315693447948433459
-0.0000092740056061302311718
-0.0000092172622316866181791
-0.0000091610572781064547598
-0.0000091046740635647438467
-0.0000090489756985334679484
-0.0000089939730969490483403
-0.0000089396608018432743847
-0.0000088856177171692252159
-0.0000088319857241003774107
-0.0000087784865172579884529
-0.0000087258376879617571831
-0.0000086737563833594322205
-0.0000086219579316093586385
-0.0000085703013610327616334
-0.0000085195097199175506830
-0.0000084688654169440269470
-0.0000084188059190637432039
-0.0000083690429164562374353
-0.0000083197264757473021746
-0.0000082709993876051157713
-0.0000082220076365047134459
-0.0000081744719864218495786
-0.0000081262451203656382859
-0.0000080793397501111030579
-0.0000080320332926930859685
-0.0000079851897680782712996
-0.0000079393894338863901794
-0.0000078937728176242671907
-0.0000078480516094714403152
-0.0000078030943768681026995
-0.0000077584700193256139755
-0.0000077141812653280794621
-0.0000076700880526914261281
-0.0000076261899266683030874
-0.0000075830694186151959002
-0.0000075401503636385314167
-0.0000074974341259803622961
-0.0000074552126534399576485
-0.0000074129129643552005291
-0.0000073715423241083044559
-0.0000073303867793583776802
-0.0000072891580202849581838
-0.0000072487218858441337943
-0.0000072077882578014396131
-0.0000071683707574266009033
-0.0000071281683631241321564
-0.0000070889127528062090278
-0.0000070498849709110800177
-0.0000070113746915012598038
-0.0000069725215325888711959
-0.0000069344778239610604942
-0.0000068966696744610089809
-0.0000068585259214160032570
-0.0000068214826569601427764
-0.0000067843952820112463087
-0.0000067476939875632524490
-0.0000067112391661794390529
-0.0000066748857534548733383
-0.0000066386410253471694887
-0.0000066032193899445701391
-0.0000065677631937433034182
-0.0000065328504206263460219
-0.0000064977602960425429046
-0.0000064633609326847363263
-0.0000064287883105862420052
-0.0000063947650232876185328
-0.0000063608595155528746545
-0.0000063272186707763466984
-0.0000062942744989413768053
-0.0000062607359723187983036
-0.0000062278963923745322973
-0.0000061953287513460963964
-0.0000061631753851543180645
-0.0000061307214309636037797
-0.0000060989718804194126278
-0.0000060670704442600253969
-0.0000060355873756634537131
-0.0000060046731960028409958
-0.0000059737517403846140951
-0.0000059428243730508256704
-0.0000059121798585692886263
-0.0000058818209254241082817
-0.0000058517493926046881825
-0.0000058219625316269230098
-0.0000057921797633753158152
-0.0000057625411500339396298
-0.0000057333381846547126770
-0.0000057041415857383981347
-0.0000056753810895315837115
-0.0000056469161791028454900
-0.0000056183175729529466480
-0.0000055901582527440041304
-0.0000055621558203711174428
-0.0000055343089115922339261
-0.0000055064756452338770032
-0.0000054793777053419034928
-0.0000054517181524715851992
-0.0000054247957450570538640
-0.0000053978915275365579873
-0.0000053711510190623812377
-0.0000053445742196345236152
-0.0000053181634029897395521
-0.0000052920613597962073982
-0.0000052662717280327342451
-0.0000052403634072106797248
-0.0000052144805522402748466
-0.0000051893421186832711101
-0.0000051528859330574050546
-0.0000051030879149038810283
-0.0000050537732931843493134
-0.0000050053108680003788322
-0.0000049572786338103469461
-0.0000049100399337476119399
-0.0000048635320126777514815
-0.0000048174024414038285613
-0.0000047720886868773959577
-0.0000047270968934753909707
-0.0000046828627091599628329
-0.0000046393211050599347800
-0.0000045962642616359516978
-0.0000045536976358562242240
-0.0000045117694753571413457
-0.0000044702737795887514949
-0.0000044293565224506892264
-0.0000043888821892323903739
-0.0000043491086216818075627
-0.0000043097143134218640625
-0.0000042707442844402976334
-0.0000042324545574956573546
-0.0000041946336750697810203
-0.0000041571443034627009183
-0.0000041201706153515260667
-0.0000040837530832504853606
-0.0000040477543734596110880
-0.0000040120335143001284450
-0.0000039767041926097590476
-0.0000039420947359758429229
-0.0000039077772271411959082
-0.0000038739362935302779078
-0.0000038403973121603485197
-0.0000038072705592639977112
-0.0000037746692669315962121
-0.0000037422746572701726109
-0.0000037105571664142189547
-0.0000036788017041544662789
-0.0000036477313187788240612
-0.0000036169540180708281696
-0.0000035866178222931921482
-0.0000035564385143516119570
-0.0000035267075872980058193
-0.0000034973561469087144360
-0.0000034684608181123621762
-0.0000034396989576634950936
-0.0000034112201774405548349
-0.0000033832420740509405732
-0.0000033556248126842547208
-0.0000033280839488725177944
-0.0000033010169318004045635
-0.0000032742475468694465235
-0.0000032477439617650816217
-0.0000032215436931437579915
-0.0000031957581541064428166
-0.0000031701383704785257578
-0.0000031448666959477122873
-0.0000031198380838759476319
-0.0000030950918699090834707
-0.0000030705580229550832883
-0.0000030464184419543016702
-0.0000030224250622268300503
-0.0000029989037102495785803
-0.0000029753175567748257890
-0.0000029522434488171711564
-0.0000029293971692823106423
-0.0000029066368369967676699
-0.0000028841809580626431853
-0.0000028620313514693407342
-0.0000028401532290445175022
-0.0000028184067559777759016
-0.0000027969726943410933018
-0.0000027757821499108104035
-0.0000027547644094738643616
-0.0000027338862764736404642
-0.0000027133646653965115547
-0.0000026929869818559382111
-0.0000026728616830951068550
-0.0000026529557999310782179
-0.0000026331272238167002797
-0.0000026137363420275505632
-0.0000025943911623471649364
-0.0000025751999146450543776
-0.0000025562367227394133806
-0.0000025375400127813918516
-0.0000025190381620632251725
-0.0000025006625037349294871
-0.0000024824848878779448569
-0.0000024645446501381229609
-0.0000024466983177262591198
-0.0000024290916371683124453
-0.0000024117259727063355967
-0.0000023943523501657182351
-0.0000023773297925799852237
-0.0000023603736281074816361
-0.0000023436646188201848418
-0.0000023270602014235919341
-0.0000023106704247766174376
-0.0000022943161184230120853
-0.0000022783226540923351422
-0.0000022622955384576926008
-0.0000022465233087132219225
-0.0000022307929157250327989
-0.0000022152846668177517131
-0.0000022000351691531250253
-0.0000021848313735972624272
-0.0000021698881482734577730
-0.0000021549215034610824659
-0.0000021401465346571058035
-0.0000021256007585179759189
-0.0000021111422938702162355
-0.0000020967713680875021964
-0.0000020826335003221174702
-0.0000020684415176219772547
-0.0000020545928691717563197
-0.0000020407283045642543584
-0.0000020270651930331951007
-0.0000020135316844971384853
-0.0000020001662051072344184
-0.0000019869326024490874261
-0.0000019736526155611500144
-0.0000019606870864663505927
-0.0000019477845398796489462
-0.0000019348747173353331164
-0.0000019222097762394696474
-0.0000019096469259238801897
-0.0000018971875306306174025
-0.0000018847957790057989769
-0.0000018725812651609885506
-0.0000018604359866003505886
-0.0000018485050077288178727
-0.0000018365740288572851568
-0.0000018247869775223080069
-0.0000018130729131371481344
-0.0000018014334273175336421
-0.0000017899759541251114570
-0.0000017786298940336564556
-0.0000017673251022642944008
-0.0000017561324057169258595
-0.0000017450181530875852332
-0.0000017341616285193595104
-0.0000017232772506758919917
-0.0000017124004898505518213
-0.0000017017126765495049767
-0.0000016911064903979422525
-0.0000016806179701234214008
-0.0000016701411595931858756
-0.0000016598546608292963356
-0.0000016496528587595093995
-0.0000016394644717365736142
-0.0000016293970475089736283
-0.0000016193442888834397309
-0.0000016094857073767343536
-0.0000015996428146536345594
-0.0000015899601066848845221
-0.0000015803655060153687373
-0.0000015707531701991683803
-0.0000015613017012583441101
-0.0000015518691043325816281
-0.0000015425997617057873867
-0.0000015333495184677303769
-0.0000015241203072946518660
-0.0000015150191075008478947
-0.0000015060113582876510918
-0.0000014970970596550614573
-0.0000014882057257636915892
-0.0000014794804883422330022
-0.0000014707432001159759238
-0.0000014621017498939181678
-0.0000014535207810695283115
-0.0000014450005210164817981
-0.0000014365058405019226484
-0.0000014281810081229195930
-0.0000014198466260495479219
-0.0000014116108104644808918
-0.0000014035106232768157497
-0.0000013954379483038792387
-0.0000013873935813535354100
-0.0000013793782045468105935
-0.0000013714637816519825719
-0.0000013636151834361953661
-0.0000013558320688389358111
-0.0000013481696896633366123
-0.0000013405561958279577084
-0.0000013329560033525922336
-0.0000013254056057121488266
-0.0000013178872677599429153
-0.0000013104374829708831385
-0.0000013031104799665627070
-0.0000012958348634128924459
-0.0000012885750493296654895
-0.0000012813314924642327242
-0.0000012742480066663119942
-0.0000012671638387473649345
-0.0000012601503840414807200
-0.0000012531909305835142732
-0.0000012462670611057546921
-0.0000012394157238304615021
-0.0000012325649549893569201
-0.0000012258593642400228418
-0.0000012191368341518682428
-0.0000012124703516747104004
-0.0000012058595757480361499
-0.0000011993054158665472642
-0.0000011928435696972883306
-0.0000011863671716128010303
-0.0000011799835419878945686
-0.0000011736041187759838067
-0.0000011673363360387156717
-0.0000011611090258156764321
-0.0000011547963367775082588
-0.0000011486682751637999900
-0.0000011425455568314646371
-0.0000011364642205080599524
-0.0000011304607596684945747
-0.0000011244630968576529995
-0.0000011185618404851993546
-0.0000011126313665954512544
-0.0000011067260174968396313
-0.0000011009713034582091495
-0.0000010951704325634636916
-0.0000010895029163293656893
-0.0000010837537729457835667
-0.0000010781923265312798321
-0.0000010725140100475982763
-0.0000010669341463653836399
-0.0000010614712664391845465
-0.0000010560177088336786255
-0.0000010505556247153435834
-0.0000010451034313518903218
-0.0000010398049425930366851
-0.0000010344629117753356695
-0.0000010291672651874250732
-0.0000010239004950562957674
-0.0000010186804502154700458
-0.0000010135078127859742381
-0.0000010083823553941329010
-0.0000010032865702669369057
-0.0000009981847597373416647
-0.0000009932206239682273008
-0.0000009881969162961468101
-0.0000009832938303588889539
-0.0000009782955885384581052
-0.0000009734180821396876127
-0.0000009685718396212905645
-0.0000009637744824431138113
-0.0000009590089575794991106
-0.0000009542752650304464623
-0.0000009495014410276780836
-0.0000009447956585972860921
-0.0000009401043143952847458
-0.0000009355172778668929823
-0.0000009309449637839861680
-0.0000009264055051971809007
-0.0000009218633181262703147
-0.0000009173363082481955644
-0.0000009109060101764043793
-0.0000009021193250191572588
-0.0000008933877779782051221
-0.0000008848206221045984421
-0.0000008763386745158641133
-0.0000008679788834342616610
-0.0000008597424425715871621
-0.0000008516039429196098354
-0.0000008435914651272469200
-0.0000008356432772416155785
-0.0000008278057066490873694
-0.0000008201245123018452432
-0.0000008125021508931240533
-0.0000008049847792790387757
-0.0000007975642688506923150
-0.0000007902418701632996090
-0.0000007830096251382201444
-0.0000007758594620099756867
-0.0000007688195751143211965
-0.0000007618457402713829651
-0.0000007549750193902582396
-0.0000007482263413294276688
-0.0000007415016511913563590
-0.0000007348829171860415954
-0.0000007283440481842262670
-0.0000007218947075671167113
-0.0000007155450703066890128
-0.0000007092328928592905868
-0.0000007030129154372843914
-0.0000006968590469114133157
-0.0000006908078376000048593
-0.0000006848064231235184707
-0.0000006788913538002816495
-0.0000006730543304911407176
-0.0000006672602808066585567
-0.0000006615640018026169855
-0.0000006559120038218679838
-0.0000006503409508695767727
-0.0000006448426006500085350
-0.0000006393817670868884306
-0.0000006340217737488273997
-0.0000006287006044658483006
-0.0000006234547527128597721
-0.0000006182668244036904071
-0.0000006131465397629654035
-0.0000006080493335502978880
-0.0000006030300028214696795
-0.0000005980799642202327959
-0.0000005931818805038346909
-0.0000005883362064196262509
-0.0000005835524916619760916
-0.0000005788045314147893805
-0.0000005741464974562404677
-0.0000005695160325558390468
-0.0000005649229706250480376
-0.0000005603943122878263239
-0.0000005559397777687991038
-0.0000005515238399311783724
-0.0000005471291046887927223
-0.0000005428099143500730861
-0.0000005385306280913937371
-0.0000005343009092939610127
-0.0000005301479859554092400
-0.0000005259735758045280818
-0.0000005218859087108285166
-0.0000005178402489036670886
-0.0000005138375058777455706
-0.0000005098686415294650942
-0.0000005059431487097754143
-0.0000005020705771130451467
-0.0000004982330779057519976
-0.0000004944312763655034360
-0.0000004906743811261549126
-0.0000004869717713518184610
-0.0000004832969011658860836
-0.0000004796590928890509531
-0.0000004760676688420062419
-0.0000004724959126178873703
-0.0000004689623835929523921
-0.0000004655031204947590595
-0.0000004620376898856193293
-0.0000004586114243920746958
-0.0000004552333905394334579
-0.0000004518860521329770563
-0.0000004485787599151080940
-0.0000004453027884210314369
-0.0000004420495258727896726
-0.0000004388549541545216925
-0.0000004356656404524983373
-0.0000004325178508679528022
-0.0000004294026894058333710
-0.0000004263296489170897985
-0.0000004232719277297292138
-0.0000004202477441594965057
-0.0000004172618162101571215
-0.0000004142830221098847687
-0.0000004113520617465837859
-0.0000004084735962806007592
-0.0000004055895033161505125
-0.0000004027315867460856680
-0.0000003999313946678739740
-0.0000003971217381604219554
-0.0000003943658555272122612
-0.0000003916235300494008698
-0.0000003889173854076943826
-0.0000003862342339289170923
-0.0000003835741040347784292
-0.0000003809420547895570053
-0.0000003783424915582145331
-0.0000003757532169856858673
-0.0000003731969968612247612
-0.0000003706559823513089214
-0.0000003681528824017732404
-0.0000003656607248103682650
-0.0000003632070502135320567
-0.0000003607512724101979984
-0.0000003583341765533987200
-0.0000003559513572781725088
-0.0000003535806740728730801
-0.0000003512311650410993025
-0.0000003489074913431977620
-0.0000003466099656179721933
-0.0000003443071250330831390
-0.0000003420307734813832212
-0.0000003398034493784507504
-0.0000003375757842150051147
-0.0000003353840440922795096
-0.0000003331879554480110528
-0.0000003310280476398475002
-0.0000003288819527824671241
-0.0000003267633701398153789
-0.0000003246634889819688397
-0.0000003225644320536957821
-0.0000003205068139777722536
-0.0000003184548234003159450
-0.0000003164265649502340239
-0.0000003144267282095825067
-0.0000003124284262412402313
-0.0000003104452446223149309
-0.0000003084954300902609248
-0.0000003065474629693198949
-0.0000003046241090487455949
-0.0000003027119248599774437
-0.0000003008155999850714579
-0.0000002989397387409553630
-0.0000002970933508095185971
-0.0000002952497482056060107
-0.0000002934268934495776193
-0.0000002916115420248388546
-0.0000002898126751915697241
-0.0000002880394447402068181
-0.0000002862830399408267112
-0.0000002845210644863982452
-0.0000002827804905791708734
-0.0000002810616592796577606
-0.0000002793644000576023245
-0.0000002776755536615382880
-0.0000002759995538781367941
-0.0000002743277036643121392
-0.0000002726824277488049120
-0.0000002710548869799822569
-0.0000002694361853627924575
-0.0000002678219175322738010
-0.0000002662346787474234588
-0.0000002646520442795008421
-0.0000002630876849707419751
-0.0000002615325911392574199
-0.0000002599914523671031930
-0.0000002584687308626598679
-0.0000002569377386407722952
-0.0000002554522495756827993
-0.0000002539451600114261964
-0.0000002524793671909719706
-0.0000002510010403966589365
-0.0000002495371802524459781
-0.0000002481059198089496931
-0.0000002466804005507583497
-0.0000002452516127959825099
-0.0000002438466992771282094
-0.0000002424521881039254367
-0.0000002410681645415024832
-0.0000002396902516466070665
-0.0000002383184352083844715
-0.0000002369709193317248719
-0.0000002356296988637041068
-0.0000002342948164368863218
-0.0000002329753954199986765
-0.0000002316535301361000165
-0.0000002303606976283845142
-0.0000002290745868549493025
-0.0000002277861881339049432
-0.0000002265225589326291811
-0.0000002252433830562949879
-0.0000002240115861695812782
-0.0000002227552613476291299
-0.0000002215285235251940321
-0.0000002203089053409712506
-0.0000002191054591094143689
-0.0000002178912978934022249
-0.0000002167024319987831404
-0.0000002155209273269065307
-0.0000002143289350442501018
-0.0000002131713330300044618
-0.0000002120123525628514471
-0.0000002108654371113516390
-0.0000002097262239431074704
-0.0000002085901797954647918
-0.0000002074575320420990465
-0.0000002063506059357678168
-0.0000002052425998044782318
-0.0000002041515756445733132
-0.0000002030550092513294658
-0.0000002019800291463980102
-0.0000002008996347058200627
-0.0000001998364069777380791
-0.0000001987768598610273330
-0.0000001977255834617608343
-0.0000001966960780919180252
-0.0000001956479991349624470
-0.0000001946217622617041343
-0.0000001936040234795655124
-0.0000001925992307860724395
-0.0000001915850447176126181
-0.0000001905928712631066446
-0.0000001895959513831257937
-0.0000001886121054894829285
-0.0000001876460373750887811
-0.0000001866797418870191905
-0.0000001857132616578383022
-0.0000001847556205802902696
-0.0000001838069039195033838
-0.0000001828671685188965057
-0.0000001819363291133413441
-0.0000001810056176054786192
-0.0000001800794109385606134
-0.0000001791668182704597712
-0.0000001782544245543249417
-0.0000001773556590478619910
-0.0000001764661305969639216
-0.0000001755724241547795828
-0.0000001746924453982501291
-0.0000001738173693865974201
-0.0000001729471534872573102
-0.0000001720773639135586563
-0.0000001712305532919344842
-0.0000001703661922647370375
-0.0000001695248670330329333
-0.0000001686841102355174371
-0.0000001678484693456994137
-0.0000001670179443635788630
-0.0000001661926063434293610
-0.0000001653769174936314812
-0.0000001645709915010229452
-0.0000001637613564753337414
-0.0000001629525172575085890
-0.0000001621669412088522222
