-1042535.5000000000000000000000000
-1026454.3750000000000000000000000
-1010650.1250000000000000000000000
-995159.7500000000000000000000000
-979951.1875000000000000000000000
-965046.0625000000000000000000000
-950417.0000000000000000000000000
-936071.3750000000000000000000000
-921991.3125000000000000000000000
-908183.7500000000000000000000000
-894611.3125000000000000000000000
-881305.3750000000000000000000000
-868258.0000000000000000000000000
-855436.4375000000000000000000000
-842852.2500000000000000000000000
-830502.3750000000000000000000000
-818383.5000000000000000000000000
-806467.6875000000000000000000000
-794776.1250000000000000000000000
-783295.6250000000000000000000000
-772018.0000000000000000000000000
-760959.3125000000000000000000000
-750076.5000000000000000000000000
-739410.8750000000000000000000000
-728904.2500000000000000000000000
-718607.3125000000000000000000000
-708487.1250000000000000000000000
-698529.6250000000000000000000000
-688766.2500000000000000000000000
-679168.1875000000000000000000000
-669731.7500000000000000000000000
-660453.3125000000000000000000000
-651348.7500000000000000000000000
-642394.3125000000000000000000000
-633601.1250000000000000000000000
-624940.5625000000000000000000000
-616433.4375000000000000000000000
-608065.8750000000000000000000000
-599853.6250000000000000000000000
-591768.1250000000000000000000000
-583829.9375000000000000000000000
-576015.4375000000000000000000000
-568340.1250000000000000000000000
-560790.1250000000000000000000000
-553361.4375000000000000000000000
-546044.8750000000000000000000000
-538866.0625000000000000000000000
-531793.6875000000000000000000000
-524835.7500000000000000000000000
-517995.7500000000000000000000000
-511266.8125000000000000000000000
-504649.5937500000000000000000000
-498140.0937500000000000000000000
-491728.9687500000000000000000000
-485429.2500000000000000000000000
-479226.8125000000000000000000000
-473112.3750000000000000000000000
-467103.8437500000000000000000000
-461187.1562500000000000000000000
-455375.1875000000000000000000000
-449638.7812500000000000000000000
-444005.7812500000000000000000000
-438459.4687500000000000000000000
-432990.5000000000000000000000000
-427606.7187500000000000000000000
-422316.2187500000000000000000000
-417097.2187500000000000000000000
-411955.2187500000000000000000000
-406905.4062500000000000000000000
-401933.4687500000000000000000000
-397020.2187500000000000000000000
-392200.6250000000000000000000000
-387440.5937500000000000000000000
-382767.7187500000000000000000000
-378145.3437500000000000000000000
-373606.0937500000000000000000000
-369133.0625000000000000000000000
-364721.6562500000000000000000000
-360374.8437500000000000000000000
-356100.3437500000000000000000000
-351883.7500000000000000000000000
-347735.3125000000000000000000000
-343642.9687500000000000000000000
-339614.6562500000000000000000000
-335630.8125000000000000000000000
-331721.5312500000000000000000000
-327862.4687500000000000000000000
-324058.7500000000000000000000000
-320313.2812500000000000000000000
-316623.8437500000000000000000000
-312983.3750000000000000000000000
-309399.5937500000000000000000000
-305855.5312500000000000000000000
-302371.2187500000000000000000000
-298939.4375000000000000000000000
-295540.8750000000000000000000000
-292207.8125000000000000000000000
-288920.8125000000000000000000000
-285657.8750000000000000000000000
-282461.2812500000000000000000000
-279309.0000000000000000000000000
-276196.3437500000000000000000000
-273123.6562500000000000000000000
-270098.4687500000000000000000000
-267116.1875000000000000000000000
-264169.5625000000000000000000000
-261266.1718750000000000000000000
-258401.4687500000000000000000000
-255577.9375000000000000000000000
-252791.0156250000000000000000000
-250050.7031250000000000000000000
-247335.0312500000000000000000000
-244659.0000000000000000000000000
-242020.2500000000000000000000000
-239416.6718750000000000000000000
-236843.3906250000000000000000000
-234315.4687500000000000000000000
-231815.7500000000000000000000000
-229356.8593750000000000000000000
-226919.0937500000000000000000000
-224515.0625000000000000000000000
-222142.4375000000000000000000000
-219808.7812500000000000000000000
-217499.4687500000000000000000000
-215220.8281250000000000000000000
-212974.2031250000000000000000000
-210753.6562500000000000000000000
-208564.2500000000000000000000000
-206403.6562500000000000000000000
-204265.8281250000000000000000000
-202165.7187500000000000000000000
-200082.5625000000000000000000000
-198033.6562500000000000000000000
-196006.8906250000000000000000000
-194004.8593750000000000000000000
-192030.1250000000000000000000000
-190080.3437500000000000000000000
-188156.9375000000000000000000000
-186252.5625000000000000000000000
-184377.2656250000000000000000000
-182523.7031250000000000000000000
-180692.0312500000000000000000000
-178887.2656250000000000000000000
-177102.1875000000000000000000000
-175341.8281250000000000000000000
-173598.8125000000000000000000000
-171879.5312500000000000000000000
-170179.0156250000000000000000000
-168504.9218750000000000000000000
-166844.9218750000000000000000000
-165209.0468750000000000000000000
-163594.8750000000000000000000000
-162001.2968750000000000000000000
-160424.6718750000000000000000000
-158865.1562500000000000000000000
-157326.4843750000000000000000000
-155806.3125000000000000000000000
-154305.9375000000000000000000000
-152820.5625000000000000000000000
-151352.7187500000000000000000000
-149904.9375000000000000000000000
-148474.8437500000000000000000000
-147058.8125000000000000000000000
-145663.1093750000000000000000000
-144285.3281250000000000000000000
-142916.9531250000000000000000000
-141570.3437500000000000000000000
-140233.2812500000000000000000000
-138919.3750000000000000000000000
-137615.1562500000000000000000000
-136330.5468750000000000000000000
-135059.4531250000000000000000000
-133803.1875000000000000000000000
-132563.0468750000000000000000000
-131334.1406250000000000000000000
-130121.5078125000000000000000000
-128921.5390625000000000000000000
-127736.6640625000000000000000000
-126564.5625000000000000000000000
-125404.0312500000000000000000000
-124260.0859375000000000000000000
-123126.6171875000000000000000000
-122007.3437500000000000000000000
-120901.1250000000000000000000000
-119809.2734375000000000000000000
-118726.8593750000000000000000000
-117653.9687500000000000000000000
-116596.8203125000000000000000000
-115553.0156250000000000000000000
-114516.3906250000000000000000000
-113491.9921875000000000000000000
-112481.0703125000000000000000000
-111483.6953125000000000000000000
-110493.7343750000000000000000000
-109516.1484375000000000000000000
-108551.0390625000000000000000000
-107589.7812500000000000000000000
-106647.2187500000000000000000000
-105709.8515625000000000000000000
-104788.8281250000000000000000000
-103871.8281250000000000000000000
-102963.8671875000000000000000000
-102068.6640625000000000000000000
-101181.3359375000000000000000000
-100308.0781250000000000000000000
-99441.5625000000000000000000000
-98581.7968750000000000000000000
-97735.0156250000000000000000000
-96893.8203125000000000000000000
-96068.1796875000000000000000000
-95245.7343750000000000000000000
-94433.9531250000000000000000000
-93629.1718750000000000000000000
-92832.6406250000000000000000000
-92048.1171875000000000000000000
-91268.2343750000000000000000000
-90500.4296875000000000000000000
-89736.0859375000000000000000000
-88980.1875000000000000000000000
-88235.2265625000000000000000000
-87495.0781250000000000000000000
-86768.4062500000000000000000000
-86040.4296875000000000000000000
-85327.2187500000000000000000000
-84618.9609375000000000000000000
-83916.8750000000000000000000000
-83224.7343750000000000000000000
-82540.7031250000000000000000000
-81858.6406250000000000000000000
-81183.5078125000000000000000000
-80521.5078125000000000000000000
-79862.7890625000000000000000000
-79209.8593750000000000000000000
-78564.5859375000000000000000000
-77923.9140625000000000000000000
-77293.4453125000000000000000000
-76668.2187500000000000000000000
-76048.3125000000000000000000000
-75434.3437500000000000000000000
-74827.5781250000000000000000000
-74224.9375000000000000000000000
-73633.8828125000000000000000000
-73043.9296875000000000000000000
-72460.0468750000000000000000000
-71882.2421875000000000000000000
-71309.3046875000000000000000000
-70744.9843750000000000000000000
-70184.9531250000000000000000000
-69629.2578125000000000000000000
-69078.5234375000000000000000000
-68535.2500000000000000000000000
-67995.7421875000000000000000000
-67462.5000000000000000000000000
-66935.5468750000000000000000000
-66411.8125000000000000000000000
-65893.7812500000000000000000000
-65158.4687500000000000000000000
-64153.3984375000000000000000000
-63165.6328125000000000000000000
-62197.4843750000000000000000000
-61246.9492187500000000000000000
-60315.3789062500000000000000000
-59401.0625000000000000000000000
-58504.4609375000000000000000000
-57624.4570312500000000000000000
-56761.4843750000000000000000000
-55913.2070312500000000000000000
-55081.5859375000000000000000000
-54266.1250000000000000000000000
-53464.7773437500000000000000000
-52678.2656250000000000000000000
-51906.3984375000000000000000000
-51148.9687500000000000000000000
-50404.2304687500000000000000000
-49673.5078125000000000000000000
-48955.9765625000000000000000000
-48251.1250000000000000000000000
-47559.9570312500000000000000000
-46879.7812500000000000000000000
-46213.1796875000000000000000000
-45556.5156250000000000000000000
-44912.9570312500000000000000000
-44280.4453125000000000000000000
-43658.1015625000000000000000000
-43047.8906250000000000000000000
-42448.0117187500000000000000000
-41858.2343750000000000000000000
-41278.3320312500000000000000000
-40709.2968750000000000000000000
-40149.6445312500000000000000000
-39600.0703125000000000000000000
-39058.7851562500000000000000000
-38527.0898437500000000000000000
-38004.1171875000000000000000000
-37490.8515625000000000000000000
-36985.5078125000000000000000000
-36489.3710937500000000000000000
-36000.9648437500000000000000000
-35521.2578125000000000000000000
-35049.3828125000000000000000000
-34585.0898437500000000000000000
-34127.8046875000000000000000000
-33679.1289062500000000000000000
-33237.1054687500000000000000000
-32802.2343750000000000000000000
-32374.7343750000000000000000000
-31954.1757812500000000000000000
-31540.5996093750000000000000000
-31133.7558593750000000000000000
-30733.0605468750000000000000000
-30339.3281250000000000000000000
-29951.6757812500000000000000000
-29569.5234375000000000000000000
-29193.9902343750000000000000000
-28824.1972656250000000000000000
-28460.9492187500000000000000000
-28102.4238281250000000000000000
-27750.3613281250000000000000000
-27403.7167968750000000000000000
-27061.9062500000000000000000000
-26725.4199218750000000000000000
-26394.7636718750000000000000000
-26068.5761718750000000000000000
-25747.2011718750000000000000000
-25431.5878906250000000000000000
-25120.8417968750000000000000000
-24813.7636718750000000000000000
-24512.5390625000000000000000000
-24215.0371093750000000000000000
-23922.9824218750000000000000000
-23634.0839843750000000000000000
-23350.3808593750000000000000000
-23070.8164062500000000000000000
-22795.1035156250000000000000000
-22523.4277343750000000000000000
-22256.2714843750000000000000000
-21992.7343750000000000000000000
-21733.4570312500000000000000000
-21477.6855468750000000000000000
-21225.9160156250000000000000000
-20976.9257812500000000000000000
-20732.5957031250000000000000000
-20491.4042968750000000000000000
-20253.6718750000000000000000000
-20019.5800781250000000000000000
-19788.9902343750000000000000000
-19561.4609375000000000000000000
-19337.4746093750000000000000000
-19115.9707031250000000000000000
-18898.2011718750000000000000000
-18683.7148437500000000000000000
-18471.3046875000000000000000000
-18262.9882812500000000000000000
-18057.5507812500000000000000000
-17853.6171875000000000000000000
-17653.8300781250000000000000000
-17456.8125000000000000000000000
-17262.2714843750000000000000000
-17070.2285156250000000000000000
-16881.1542968750000000000000000
-16694.7617187500000000000000000
-16510.5976562500000000000000000
-16329.1357421875000000000000000
-16150.0917968750000000000000000
-15973.6210937500000000000000000
-15799.4384765625000000000000000
-15628.1689453125000000000000000
-15458.4394531250000000000000000
-15291.1875000000000000000000000
-15126.2656250000000000000000000
-14963.5419921875000000000000000
-14802.7119140625000000000000000
-14644.7167968750000000000000000
-14488.4843750000000000000000000
-14334.8037109375000000000000000
-14182.4433593750000000000000000
-14032.1914062500000000000000000
-13883.9023437500000000000000000
-13738.0488281250000000000000000
-13593.7167968750000000000000000
-13451.3017578125000000000000000
-13310.8876953125000000000000000
-13172.1035156250000000000000000
-13035.2656250000000000000000000
-12900.2285156250000000000000000
-12766.6142578125000000000000000
-12635.3574218750000000000000000
-12505.1601562500000000000000000
-12377.1035156250000000000000000
-12250.4306640625000000000000000
-12125.3037109375000000000000000
-12001.8828125000000000000000000
-11880.0214843750000000000000000
-11759.8085937500000000000000000
-11640.7851562500000000000000000
-11523.5791015625000000000000000
-11407.7314453125000000000000000
-11293.2519531250000000000000000
-11180.4541015625000000000000000
-11068.8867187500000000000000000
-10958.8642578125000000000000000
-10849.9257812500000000000000000
-10742.4707031250000000000000000
-10636.1884765625000000000000000
-10531.5576171875000000000000000
-10427.8076171875000000000000000
-10325.5654296875000000000000000
-10224.6796875000000000000000000
-10125.0810546875000000000000000
-10026.5419921875000000000000000
-9929.0722656250000000000000000
-9832.9052734375000000000000000
-9737.8945312500000000000000000
-9644.1210937500000000000000000
-9551.2851562500000000000000000
-9459.5449218750000000000000000
-9369.0585937500000000000000000
-9279.6777343750000000000000000
-9191.1757812500000000000000000
-9103.9443359375000000000000000
-9017.8330078125000000000000000
-8932.3095703125000000000000000
-8848.1464843750000000000000000
-8764.5800781250000000000000000
-8682.4609375000000000000000000
-8600.9472656250000000000000000
-8520.6591796875000000000000000
-8441.2158203125000000000000000
-8362.6992187500000000000000000
-8285.1904296875000000000000000
-8208.3837890625000000000000000
-8132.5942382812500000000000000
-8057.5961914062500000000000000
-7983.5415039062500000000000000
-7910.2851562500000000000000000
-7837.7519531250000000000000000
-7766.2553710937500000000000000
-7695.4135742187500000000000000
-7625.4589843750000000000000000
-7556.3203125000000000000000000
-7488.0795898437500000000000000
-7420.4287109375000000000000000
-7353.3730468750000000000000000
-7287.3012695312500000000000000
-7222.0634765625000000000000000
-7157.2744140625000000000000000
-7093.2495117187500000000000000
-7030.0668945312500000000000000
-6967.7309570312500000000000000
-6905.8583984375000000000000000
-6844.7592773437500000000000000
-6784.4399414062500000000000000
-6724.3613281250000000000000000
-6665.4511718750000000000000000
-6606.8657226562500000000000000
-6549.3017578125000000000000000
-6491.9892578125000000000000000
-6435.2416992187500000000000000
-6379.2915039062500000000000000
-6323.8334960937500000000000000
-6269.2548828125000000000000000
-6215.0976562500000000000000000
-6161.3623046875000000000000000
-6108.4384765625000000000000000
-6055.8637695312500000000000000
-6004.2612304687500000000000000
-5952.8583984375000000000000000
-5902.1220703125000000000000000
-5851.8232421875000000000000000
-5802.0400390625000000000000000
-5753.0073242187500000000000000
-5704.2646484375000000000000000
-5656.2768554687500000000000000
-5608.5053710937500000000000000
-5561.2617187500000000000000000
-5514.7016601562500000000000000
-5468.4423828125000000000000000
-5423.0253906250000000000000000
-5377.5268554687500000000000000
-5332.9511718750000000000000000
-5288.6850585937500000000000000
-5244.8046875000000000000000000
-5201.5458984375000000000000000
-5158.7939453125000000000000000
-5116.1650390625000000000000000
-5073.9692382812500000000000000
-5032.5942382812500000000000000
-4991.4243164062500000000000000
-4950.6162109375000000000000000
-4910.2866210937500000000000000
-4870.2446289062500000000000000
-4830.8403320312500000000000000
-4791.7636718750000000000000000
-4753.0195312500000000000000000
-4714.6464843750000000000000000
-4676.7236328125000000000000000
-4639.0585937500000000000000000
-4602.1176757812500000000000000
-4565.2456054687500000000000000
-4528.7529296875000000000000000
-4492.6401367187500000000000000
-4456.8315429687500000000000000
-4421.5615234375000000000000000
-4386.5595703125000000000000000
-4351.8286132812500000000000000
-4317.4077148437500000000000000
-4283.4531250000000000000000000
-4249.7338867187500000000000000
-4216.4062500000000000000000000
-4183.4716796875000000000000000
-4150.7382812500000000000000000
-4118.3613281250000000000000000
-4072.4042968750000000000000000
-4009.5874023437500000000000000
-3947.8520507812500000000000000
-3887.3427734375000000000000000
-3827.9343261718750000000000000
-3769.7111816406250000000000000
-3712.5664062500000000000000000
-3656.5288085937500000000000000
-3601.5285644531250000000000000
-3547.5927734375000000000000000
-3494.5754394531250000000000000
-3442.5991210937500000000000000
-3391.6328125000000000000000000
-3341.5485839843750000000000000
-3292.3916015625000000000000000
-3244.1499023437500000000000000
-3196.8105468750000000000000000
-3150.2644042968750000000000000
-3104.5942382812500000000000000
-3059.7485351562500000000000000
-3015.6953125000000000000000000
-2972.4973144531250000000000000
-2929.9863281250000000000000000
-2888.3237304687500000000000000
-2847.2822265625000000000000000
-2807.0598144531250000000000000
-2767.5278320312500000000000000
-2728.6313476562500000000000000
-2690.4931640625000000000000000
-2653.0007324218750000000000000
-2616.1396484375000000000000000
-2579.8957519531250000000000000
-2544.3310546875000000000000000
-2509.3527832031250000000000000
-2475.0043945312500000000000000
-2441.1740722656250000000000000
-2407.9431152343750000000000000
-2375.2573242187500000000000000
-2343.1782226562500000000000000
-2311.5942382812500000000000000
-2280.5856933593750000000000000
-2250.0603027343750000000000000
-2220.0786132812500000000000000
-2190.5864257812500000000000000
-2161.5681152343750000000000000
-2132.9877929687500000000000000
-2104.9455566406250000000000000
-2077.3190917968750000000000000
-2050.1396484375000000000000000
-2023.4208984375000000000000000
-1997.1359863281250000000000000
-1971.2874755859375000000000000
-1945.8597412109375000000000000
-1920.8162841796875000000000000
-1896.2080078125000000000000000
-1871.9797363281250000000000000
-1848.0952148437500000000000000
-1824.6243896484375000000000000
-1801.5123291015625000000000000
-1778.8093261718750000000000000
-1756.4014892578125000000000000
-1734.3975830078125000000000000
-1712.7322998046875000000000000
-1691.3691406250000000000000000
-1670.3387451171875000000000000
-1649.6727294921875000000000000
-1629.2860107421875000000000000
-1609.2000732421875000000000000
-1589.4742431640625000000000000
-1570.0526123046875000000000000
-1550.8602294921875000000000000
-1532.0336914062500000000000000
-1513.4398193359375000000000000
-1495.1864013671875000000000000
-1477.1302490234375000000000000
-1459.3988037109375000000000000
-1441.9260253906250000000000000
-1424.6939697265625000000000000
-1407.7142333984375000000000000
-1391.0169677734375000000000000
-1374.5458984375000000000000000
-1358.3410644531250000000000000
-1342.3553466796875000000000000
-1326.6197509765625000000000000
-1311.0578613281250000000000000
-1295.7872314453125000000000000
-1280.7127685546875000000000000
-1265.8544921875000000000000000
-1251.2237548828125000000000000
-1236.8118896484375000000000000
-1222.5913085937500000000000000
-1208.5921630859375000000000000
-1194.7481689453125000000000000
-1181.1375732421875000000000000
-1167.7321777343750000000000000
-1154.4565429687500000000000000
-1141.4367675781250000000000000
-1128.5969238281250000000000000
-1115.8510742187500000000000000
-1103.3643798828125000000000000
-1091.0507812500000000000000000
-1078.8919677734375000000000000
-1066.8892822265625000000000000
-1055.0721435546875000000000000
-1043.4226074218750000000000000
-1031.9123535156250000000000000
-1020.5709838867187500000000000
-1009.3807373046875000000000000
-998.3513183593750000000000000
-987.4649047851562500000000000
-976.7605590820312500000000000
-966.1524658203125000000000000
-955.6992187500000000000000000
-945.3916015625000000000000000
-935.2213745117187500000000000
-925.1694946289062500000000000
-915.2947998046875000000000000
-905.5302734375000000000000000
-895.9252319335937500000000000
-886.4027099609375000000000000
-877.0119628906250000000000000
-867.7438964843750000000000000
-858.6280517578125000000000000
-849.6072998046875000000000000
-840.7063598632812500000000000
-831.9304809570312500000000000
-823.2564697265625000000000000
-814.7041015625000000000000000
-806.2642822265625000000000000
-797.9133911132812500000000000
-789.7098388671875000000000000
-781.5725097656250000000000000
-773.5689697265625000000000000
-765.6519165039062500000000000
-757.8314819335937500000000000
-750.1176757812500000000000000
-742.5013427734375000000000000
-734.9880371093750000000000000
-727.5490722656250000000000000
-720.2236938476562500000000000
-712.9832153320312500000000000
-705.8282470703125000000000000
-698.7783813476562500000000000
-691.8054199218750000000000000
-684.9290161132812500000000000
-678.1203613281250000000000000
-671.4044189453125000000000000
-664.7617797851562500000000000
-658.2223510742187500000000000
-651.7379760742187500000000000
-645.3478393554687500000000000
-639.0424804687500000000000000
-632.8175659179687500000000000
-626.6588745117187500000000000
-620.5670166015625000000000000
-614.5565795898437500000000000
-608.6184082031250000000000000
-602.7575683593750000000000000
-596.9553222656250000000000000
-591.2215576171875000000000000
-585.5661621093750000000000000
-579.9798583984375000000000000
-574.4484863281250000000000000
-568.9965209960937500000000000
-563.6145629882812500000000000
-558.2693481445312500000000000
-553.0091552734375000000000000
-547.7862548828125000000000000
-542.6538085937500000000000000
-537.5592041015625000000000000
-532.5411987304687500000000000
-527.5759887695312500000000000
-522.6687011718750000000000000
-517.8244018554687500000000000
-513.0239868164062500000000000
-508.2871398925781250000000000
-503.5997619628906250000000000
-498.9713439941406250000000000
-494.3928222656250000000000000
-489.8594970703125000000000000
-485.3909606933593750000000000
-480.9633483886718750000000000
-476.5911865234375000000000000
-472.2700195312500000000000000
-468.0049743652343750000000000
-463.7767944335937500000000000
-459.5858154296875000000000000
-455.4563293457031250000000000
-451.3789672851562500000000000
-447.3296508789062500000000000
-443.3280944824218750000000000
-439.3791809082031250000000000
-435.4831848144531250000000000
-431.6161499023437500000000000
-427.7974548339843750000000000
-424.0274963378906250000000000
-420.2725830078125000000000000
-416.5906982421875000000000000
-412.9291076660156250000000000
-409.3313598632812500000000000
-405.7493286132812500000000000
-402.2026062011718750000000000
-398.7057189941406250000000000
-395.2395935058593750000000000
-391.8284301757812500000000000
-388.4436035156250000000000000
-385.0851440429687500000000000
-381.7774047851562500000000000
-378.4914855957031250000000000
-375.2663269042968750000000000
-372.0536499023437500000000000
-368.8826293945312500000000000
-365.7389526367187500000000000
-362.6275024414062500000000000
-359.5629577636718750000000000
-356.5165405273437500000000000
-353.5173034667968750000000000
-350.5315856933593750000000000
-347.5788574218750000000000000
-344.6688537597656250000000000
-341.7776489257812500000000000
-338.9390869140625000000000000
-336.0954284667968750000000000
-333.3094482421875000000000000
-330.5428161621093750000000000
-327.8002929687500000000000000
-325.0966186523437500000000000
-322.4246215820312500000000000
-319.7603149414062500000000000
-317.1230773925781250000000000
-314.5371398925781250000000000
-311.9640197753906250000000000
-309.4135131835937500000000000
-306.8929138183593750000000000
-304.3902893066406250000000000
-301.9275207519531250000000000
-299.4852294921875000000000000
-297.0637207031250000000000000
-294.6654052734375000000000000
-292.2952270507812500000000000
-289.9411621093750000000000000
-287.6323547363281250000000000
-285.3278503417968750000000000
-283.0470581054687500000000000
-280.7900085449218750000000000
-278.5519714355468750000000000
-276.3475952148437500000000000
-274.1599731445312500000000000
-271.9892883300781250000000000
-269.8379821777343750000000000
-267.7158203125000000000000000
-265.6083679199218750000000000
-263.5253906250000000000000000
-261.4669799804687500000000000
-259.4211425781250000000000000
-257.3975830078125000000000000
-254.5252685546875000000000000
-250.5992126464843750000000000
-246.7407531738281250000000000
-242.9589233398437500000000000
-239.2458953857421875000000000
-235.6069488525390625000000000
-232.0354003906250000000000000
-228.5330505371093750000000000
-225.0955352783203125000000000
-221.7245483398437500000000000
-218.4109649658203125000000000
-215.1624450683593750000000000
-211.9770507812500000000000000
-208.8467864990234375000000000
-205.7744750976562500000000000
-202.7593688964843750000000000
-199.8006591796875000000000000
-196.8915252685546875000000000
-194.0371398925781250000000000
-191.2342834472656250000000000
-188.4809570312500000000000000
-185.7810821533203125000000000
-183.1241455078125000000000000
-180.5202331542968750000000000
-177.9551391601562500000000000
-175.4412384033203125000000000
-172.9704895019531250000000000
-170.5394592285156250000000000
-168.1558227539062500000000000
-165.8125457763671875000000000
-163.5087280273437500000000000
-161.2434844970703125000000000
-159.0206909179687500000000000
-156.8345489501953125000000000
-154.6877746582031250000000000
-152.5733795166015625000000000
-150.4964447021484375000000000
-148.4535827636718750000000000
-146.4486389160156250000000000
-144.4746398925781250000000000
-142.5366058349609375000000000
-140.6287689208984375000000000
-138.7549133300781250000000000
-136.9116516113281250000000000
-135.0980072021484375000000000
-133.3117370605468750000000000
-131.5590972900390625000000000
-129.8324432373046875000000000
-128.1337280273437500000000000
-126.4638061523437500000000000
-124.8209991455078125000000000
-123.2054672241210937500000000
-121.6162338256835937500000000
-120.0510177612304687500000000
-118.5130004882812500000000000
-116.9987335205078125000000000
-115.5059509277343750000000000
-114.0390243530273437500000000
-112.5945205688476562500000000
-111.1755828857421875000000000
-109.7750930786132812500000000
-108.3998489379882812500000000
-107.0457687377929687500000000
-105.7105712890625000000000000
-104.3961715698242187500000000
-103.1045455932617187500000000
-101.8303756713867187500000000
-100.5750045776367187500000000
-99.3421401977539062500000000
-98.1282882690429687500000000
-96.9287643432617187500000000
-95.7521057128906250000000000
-94.5899887084960937500000000
-93.4491500854492187500000000
-92.3206405639648437500000000
-91.2124252319335937500000000
-90.1203765869140625000000000
-89.0433731079101562500000000
-87.9821395874023437500000000
-86.9385604858398437500000000
-85.9091186523437500000000000
-84.8963165283203125000000000
-83.8972091674804687500000000
-82.9137344360351562500000000
-81.9411163330078125000000000
-80.9867019653320312500000000
-80.0445480346679687500000000
-79.1159057617187500000000000
-78.2014846801757812500000000
-77.3007431030273437500000000
-76.4119567871093750000000000
-75.5370101928710937500000000
-74.6717605590820312500000000
-73.8210983276367187500000000
-72.9832611083984375000000000
-72.1535339355468750000000000
-71.3397979736328125000000000
-70.5373077392578125000000000
-69.7406921386718750000000000
-68.9602737426757812500000000
-68.1906738281250000000000000
-67.4307479858398437500000000
-66.6805801391601562500000000
-65.9420089721679687500000000
-65.2139129638671875000000000
-64.4945220947265625000000000
-63.7856864929199218750000000
-63.0862960815429687500000000
-62.3969573974609375000000000
-61.7165565490722656250000000
-61.0475349426269531250000000
-60.3845291137695312500000000
-59.7312011718750000000000000
-59.0869750976562500000000000
-58.4513359069824218750000000
-57.8230934143066406250000000
-57.2059249877929687500000000
-56.5956420898437500000000000
-55.9953269958496093750000000
-55.4001693725585937500000000
-54.8132476806640625000000000
-54.2339935302734375000000000
-53.6642532348632812500000000
-53.1004562377929687500000000
-52.5441474914550781250000000
-51.9956550598144531250000000
-51.4535293579101562500000000
-50.9190063476562500000000000
-50.3915176391601562500000000
-49.8695869445800781250000000
-49.3568649291992187500000000
-48.8482818603515625000000000
-48.3480606079101562500000000
-47.8532447814941406250000000
-47.3644676208496093750000000
-46.8823547363281250000000000
-46.4063339233398437500000000
-45.9367523193359375000000000
-45.4718170166015625000000000
-45.0139808654785156250000000
-44.5614509582519531250000000
-44.1142654418945312500000000
-43.6736488342285156250000000
-43.2378387451171875000000000
-42.8080635070800781250000000
-42.3825225830078125000000000
-41.9627761840820312500000000
-41.5476112365722656250000000
-41.1388969421386718750000000
-40.7336235046386718750000000
-40.3342399597167968750000000
-39.9401550292968750000000000
-39.5510978698730468750000000
-39.1661796569824218750000000
-38.7854385375976562500000000
-38.4097862243652343750000000
-38.0386505126953125000000000
-37.6723480224609375000000000
-37.3097076416015625000000000
-36.9513473510742187500000000
-36.5978851318359375000000000
-36.2487411499023437500000000
-35.9030303955078125000000000
-35.5622825622558593750000000
-35.2259101867675781250000000
-34.8918342590332031250000000
-34.5630722045898437500000000
-34.2366409301757812500000000
-33.9158630371093750000000000
-33.5974502563476562500000000
-33.2838249206542968750000000
-32.9734992980957031250000000
-32.6667938232421875000000000
-32.3640251159667968750000000
-32.0639991760253906250000000
-31.7679462432861328125000000
-31.4749851226806640625000000
-31.1857089996337890625000000
-30.8995513916015625000000000
-30.6162185668945312500000000
-30.3369350433349609375000000
-30.0602092742919921875000000
-29.7869491577148437500000000
-29.5168762207031250000000000
-29.2503108978271484375000000
-28.9860496520996093750000000
-28.7241134643554687500000000
-28.4660205841064453125000000
-28.2111854553222656250000000
-27.9581031799316406250000000
-27.7080059051513671875000000
-27.4611988067626953125000000
-27.2176990509033203125000000
-26.9760093688964843750000000
-26.7373409271240234375000000
-26.5017185211181640625000000
-26.2670364379882812500000000
-26.0369186401367187500000000
-25.8080692291259765625000000
-25.5832099914550781250000000
-25.3593330383300781250000000
-25.1376628875732421875000000
-24.9191074371337890625000000
-24.7024745941162109375000000
-24.4892768859863281250000000
-24.2777252197265625000000000
-24.0678215026855468750000000
-23.8610877990722656250000000
-23.6557178497314453125000000
-23.4541454315185546875000000
-23.2533531188964843750000000
-23.0551643371582031250000000
-22.8586845397949218750000000
-22.6642189025878906250000000
-22.4726848602294921875000000
-22.2822837829589843750000000
-22.0948314666748046875000000
-21.9082241058349609375000000
-21.7236785888671875000000000
-21.5418033599853515625000000
-21.3611030578613281250000000
-21.1836929321289062500000000
-21.0059642791748046875000000
-20.8318405151367187500000000
-20.6589260101318359375000000
-20.4875183105468750000000000
-20.3185386657714843750000000
-20.1515388488769531250000000
-19.9850196838378906250000000
-19.8201923370361328125000000
-19.6585712432861328125000000
-19.4977512359619140625000000
-19.3383445739746093750000000
-19.1808071136474609375000000
-19.0243930816650390625000000
-18.8704700469970703125000000
-18.7178268432617187500000000
-18.5664825439453125000000000
-18.4165878295898437500000000
-18.2684516906738281250000000
-18.1213226318359375000000000
-17.9770221710205078125000000
-17.8329906463623046875000000
-17.6904411315917968750000000
-17.5493755340576171875000000
-17.4094982147216796875000000
-17.2717247009277343750000000
-17.1349983215332031250000000
-16.9993305206298828125000000
-16.8648738861083984375000000
-16.7322387695312500000000000
-16.6005229949951171875000000
-16.4703369140625000000000000
-16.3416862487792968750000000
-16.2138214111328125000000000
-16.0873489379882812500000000
-15.9078292846679687500000000
-15.6624507904052734375000000
-15.4212970733642578125000000
-15.1849327087402343750000000
-14.9528684616088867187500000
-14.7254343032836914062500000
-14.5022125244140625000000000
-14.2833156585693359375000000
-14.0684709548950195312500000
-13.8577842712402343750000000
-13.6506853103637695312500000
-13.4476528167724609375000000
-13.2485656738281250000000000
-13.0529241561889648437500000
-12.8609046936035156250000000
-12.6724605560302734375000000
-12.4875411987304687500000000
-12.3057203292846679687500000
-12.1273212432861328125000000
-11.9521427154541015625000000
-11.7800598144531250000000000
-11.6113176345825195312500000
-11.4452590942382812500000000
-11.2825145721435546875000000
-11.1221961975097656250000000
-10.9650774002075195312500000
-10.8106555938720703125000000
-10.6587162017822265625000000
-10.5097389221191406250000000
-10.3632841110229492187500000
-10.2192955017089843750000000
-10.0777177810668945312500000
-9.9387931823730468750000000
-9.8021593093872070312500000
-9.6679859161376953125000000
-9.5358362197875976562500000
-9.4060277938842773437500000
-9.2783489227294921875000000
-9.1530399322509765625000000
-9.0296649932861328125000000
-8.9085378646850585937500000
-8.7892980575561523437500000
-8.6721820831298828125000000
-8.5569782257080078125000000
-8.4436254501342773437500000
-8.3319835662841796875000000
-8.2224435806274414062500000
-8.1145277023315429687500000
-8.0083580017089843750000000
-7.9039878845214843750000000
-7.8013124465942382812500000
-7.7003417015075683593750000
-7.6010146141052246093750000
-7.5031886100769042968750000
-7.4070625305175781250000000
-7.3124208450317382812500000
-7.2191219329833984375000000
-7.1274390220642089843750000
-7.0371575355529785156250000
-6.9484739303588867187500000
-6.8609433174133300781250000
-6.7749905586242675781250000
-6.6903605461120605468750000
-6.6069107055664062500000000
-6.5247607231140136718750000
-6.4440340995788574218750000
-6.3643984794616699218750000
-6.2859377861022949218750000
-6.2088837623596191406250000
-6.1330180168151855468750000
-6.0580477714538574218750000
-5.9845066070556640625000000
-5.9118742942810058593750000
-5.8405718803405761718750000
-5.7700400352478027343750000
-5.7007765769958496093750000
-5.6325235366821289062500000
-5.5652108192443847656250000
-5.4988837242126464843750000
-5.4336600303649902343750000
-5.3693199157714843750000000
-5.3060197830200195312500000
-5.2435755729675292968750000
-5.1821084022521972656250000
-5.1213197708129882812500000
-5.0616688728332519531250000
-5.0027842521667480468750000
-4.9447441101074218750000000
-4.8875927925109863281250000
-4.8312964439392089843750000
-4.7757472991943359375000000
-4.7210631370544433593750000
-4.6669850349426269531250000
-4.6138186454772949218750000
-4.5614538192749023437500000
-4.5095958709716796875000000
-4.4587373733520507812500000
-4.4085817337036132812500000
-4.3587932586669921875000000
-4.3100171089172363281250000
-4.2619171142578125000000000
-4.2144217491149902343750000
-4.1675362586975097656250000
-4.1213755607604980468750000
-4.0758695602416992187500000
-4.0309076309204101562500000
-3.9866054058074951171875000
-3.9428935050964355468750000
-3.8998098373413085937500000
-3.8572847843170166015625000
-3.8154709339141845703125000
-3.7740330696105957031250000
-3.7332000732421875000000000
-3.6929359436035156250000000
-3.6532084941864013671875000
-3.6139433383941650390625000
-3.5753703117370605468750000
-3.5372276306152343750000000
-3.4997079372406005859375000
-3.4625105857849121093750000
-3.4258279800415039062500000
-3.3896245956420898437500000
-3.3540158271789550781250000
-3.3187785148620605468750000
-3.2840092182159423828125000
-3.2497284412384033203125000
-3.2158455848693847656250000
-3.1824378967285156250000000
-3.1494698524475097656250000
-3.1168491840362548828125000
-3.0848040580749511718750000
-3.0530176162719726562500000
-3.0217537879943847656250000
-2.9908277988433837890625000
-2.9602792263031005859375000
-2.9301471710205078125000000
-2.9003958702087402343750000
-2.8710470199584960937500000
-2.8419885635375976562500000
-2.8133738040924072265625000
-2.7850906848907470703125000
-2.7571415901184082031250000
-2.7296030521392822265625000
-2.7023649215698242187500000
-2.6755039691925048828125000
-2.6489076614379882812500000
-2.6226735115051269531250000
-2.5967257022857666015625000
-2.5711810588836669921875000
-2.5458514690399169921875000
-2.5208899974822998046875000
-2.4962596893310546875000000
-2.4719436168670654296875000
-2.4478862285614013671875000
-2.4240899085998535156250000
-2.4006116390228271484375000
-2.3774156570434570312500000
-2.3545217514038085937500000
-2.3318567276000976562500000
-2.3094592094421386718750000
-2.2873678207397460937500000
-2.2655463218688964843750000
-2.2439393997192382812500000
-2.2226426601409912109375000
-2.2016193866729736328125000
-2.1807396411895751953125000
-2.1601920127868652343750000
-2.1397900581359863281250000
-2.1197414398193359375000000
-2.0998406410217285156250000
-2.0802390575408935546875000
-2.0608437061309814453125000
-2.0416746139526367187500000
-2.0227515697479248046875000
-2.0039999485015869140625000
-1.9854966402053833007812500
-1.9671865701675415039062500
-1.9491068124771118164062500
-1.9312219619750976562500000
-1.9135136604309082031250000
-1.8960584402084350585937500
-1.8787630796432495117187500
-1.8616843223571777343750000
-1.8448047637939453125000000
-1.8281444311141967773437500
-1.8116281032562255859375000
-1.7952570915222167968750000
-1.7791262865066528320312500
-1.7631990909576416015625000
-1.7473814487457275390625000
-1.7317503690719604492187500
-1.7163249254226684570312500
-1.7011061906814575195312500
-1.6860005855560302734375000
-1.6710838079452514648437500
-1.6563574075698852539062500
-1.6416897773742675781250000
-1.6273074150085449218750000
-1.6130043268203735351562500
-1.5989506244659423828125000
-1.5849583148956298828125000
-1.5711039304733276367187500
-1.5574442148208618164062500
-1.5439046621322631835937500
-1.5305798053741455078125000
-1.5173578262329101562500000
-1.5042388439178466796875000
-1.4913179874420166015625000
-1.4784823656082153320312500
-1.4658840894699096679687500
-1.4533345699310302734375000
-1.4409477710723876953125000
-1.4286677837371826171875000
-1.4165136814117431640625000
-1.4045428037643432617187500
-1.3926427364349365234375000
-1.3809269666671752929687500
-1.3692640066146850585937500
-1.3577299118041992187500000
-1.3463627099990844726562500
-1.3350689411163330078125000
-1.3239808082580566406250000
-1.3128727674484252929687500
-1.3019900321960449218750000
-1.2911828756332397460937500
-1.2804698944091796875000000
-1.2699086666107177734375000
-1.2594711780548095703125000
-1.2490637302398681640625000
-1.2387620210647583007812500
-1.2286607027053833007812500
-1.2186094522476196289062500
-1.2086465358734130859375000
-1.1988004446029663085937500
-1.1890245676040649414062500
-1.1794043779373168945312500
-1.1698641777038574218750000
-1.1604051589965820312500000
-1.1510367393493652343750000
-1.1417782306671142578125000
-1.1325826644897460937500000
-1.1235638856887817382812500
-1.1145619153976440429687500
-1.1056525707244873046875000
-1.0968359708786010742187500
-1.0880936384201049804687500
-1.0794827938079833984375000
-1.0709373950958251953125000
-1.0624581575393676757812500
-1.0540546178817749023437500
-1.0457649230957031250000000
-1.0375326871871948242187500
-1.0293960571289062500000000
-1.0213553905487060546875000
-1.0133638381958007812500000
-1.0054593086242675781250000
-0.9942393302917480468750000
-0.9789031744003295898437500
-0.9638310670852661132812500
-0.9490582942962646484375000
-0.9345542788505554199218750
-0.9203396439552307128906250
-0.9063882827758789062500000
-0.8927072286605834960937500
-0.8792794346809387207031250
-0.8661115169525146484375000
-0.8531678318977355957031250
-0.8404783010482788085937500
-0.8280353546142578125000000
-0.8158077597618103027343750
-0.8038065433502197265625000
-0.7920287847518920898437500
-0.7804713249206542968750000
-0.7691075205802917480468750
-0.7579575777053833007812500
-0.7470089197158813476562500
-0.7362537384033203125000000
-0.7257073521614074707031250
-0.7153286933898925781250000
-0.7051571607589721679687500
-0.6951372623443603515625000
-0.6853173375129699707031250
-0.6756659746170043945312500
-0.6661697626113891601562500
-0.6568586826324462890625000
-0.6477052569389343261718750
-0.6387059688568115234375000
-0.6298573613166809082031250
-0.6211745738983154296875000
-0.6126349568367004394531250
-0.6042491197586059570312500
-0.5959897637367248535156250
-0.5878767371177673339843750
-0.5798968076705932617187500
-0.5720649957656860351562500
-0.5643540620803833007812500
-0.5567836165428161621093750
-0.5493311285972595214843750
-0.5420113801956176757812500
-0.5348111391067504882812500
-0.5277265906333923339843750
-0.5207489728927612304687500
-0.5139027237892150878906250
-0.5071579813957214355468750
-0.5005223751068115234375000
-0.4939992427825927734375000
-0.4875820279121398925781250
-0.4812713563442230224609375
-0.4750634133815765380859375
-0.4689492881298065185546875
-0.4629414081573486328125000
-0.4570263028144836425781250
-0.4511951208114624023437500
-0.4454649388790130615234375
-0.4398223459720611572265625
-0.4342796206474304199218750
-0.4288089573383331298828125
-0.4234369099140167236328125
-0.4181475341320037841796875
-0.4129319190979003906250000
-0.4077975451946258544921875
-0.4027521312236785888671875
-0.3977749049663543701171875
-0.3928711116313934326171875
-0.3880552351474761962890625
-0.3833136260509490966796875
-0.3786279857158660888671875
-0.3740316629409790039062500
-0.3694921433925628662109375
-0.3650357425212860107421875
-0.3606275022029876708984375
-0.3562985360622406005859375
-0.3520327210426330566406250
-0.3478256762027740478515625
-0.3436802327632904052734375
-0.3396037518978118896484375
-0.3355824947357177734375000
-0.3316262364387512207031250
-0.3277234733104705810546875
-0.3238817751407623291015625
-0.3200824856758117675781250
-0.3163543045520782470703125
-0.3126740157604217529296875
-0.3090465068817138671875000
-0.3054745495319366455078125
-0.3019560277462005615234375
-0.2984842061996459960937500
-0.2950664460659027099609375
-0.2916865646839141845703125
-0.2883636653423309326171875
-0.2850908637046813964843750
-0.2818497419357299804687500
-0.2786710858345031738281250
-0.2755363583564758300781250
-0.2724245786666870117187500
-0.2693760693073272705078125
-0.2663698196411132812500000
-0.2634013593196868896484375
-0.2604710161685943603515625
-0.2575859725475311279296875
-0.2547418475151062011718750
-0.2519317269325256347656250
-0.2491628378629684448242188
-0.2464308440685272216796875
-0.2437381148338317871093750
-0.2410802990198135375976563
-0.2384669333696365356445313
-0.2358770668506622314453125
-0.2333250045776367187500000
-0.2308084964752197265625000
-0.2283255308866500854492188
-0.2258714586496353149414063
-0.2234606444835662841796875
-0.2210767269134521484375000
-0.2187317460775375366210938
-0.2164069116115570068359375
-0.2141142487525939941406250
-0.2118515372276306152343750
-0.2096259891986846923828125
-0.2074236571788787841796875
-0.2052505761384963989257813
-0.2031080275774002075195313
-0.2009903490543365478515625
-0.1989023685455322265625000
-0.1968418657779693603515625
-0.1948030740022659301757813
-0.1928002536296844482421875
-0.1908136010169982910156250
-0.1888596117496490478515625
-0.1869267374277114868164063
-0.1850174516439437866210938
-0.1831341981887817382812500
-0.1812747418880462646484375
-0.1794404387474060058593750
-0.1776242852210998535156250
-0.1758358627557754516601563
-0.1740681678056716918945313
-0.1723213493824005126953125
-0.1706001907587051391601563
-0.1688978075981140136718750
-0.1672189980745315551757813
-0.1655567288398742675781250
-0.1639170944690704345703125
-0.1622953563928604125976563
-0.1606988161802291870117188
-0.1591157168149948120117188
-0.1575556248426437377929688
-0.1560162305831909179687500
-0.1544964760541915893554688
-0.1529928892850875854492188
-0.1515056192874908447265625
-0.1500382274389266967773438
-0.1485884785652160644531250
-0.1471576094627380371093750
-0.1457410454750061035156250
-0.1443412005901336669921875
-0.1429604887962341308593750
-0.1415966451168060302734375
-0.1402462124824523925781250
-0.1389151662588119506835938
-0.1376012116670608520507813
-0.1362962275743484497070313
-0.1350120007991790771484375
-0.1337368786334991455078125
-0.1324838399887084960937500
-0.1312400400638580322265625
-0.1300149410963058471679688
-0.1288027316331863403320313
-0.1276046633720397949218750
-0.1264219731092453002929688
-0.1252499967813491821289063
-0.1240935400128364562988281
-0.1229491606354713439941406
-0.1218191757798194885253906
-0.1207013726234436035156250
-0.1195946037769317626953125
-0.1185036525130271911621094
-0.1174226924777030944824219
-0.1163552701473236083984375
-0.1153002977371215820312500
-0.1142590269446372985839844
-0.1132267564535140991210938
-0.1122035682201385498046875
-0.1111953929066658020019531
-0.1101999431848526000976563
-0.1092113405466079711914063
-0.1082343980669975280761719
-0.1072703078389167785644531
-0.1063191369175910949707031
-0.1053750365972518920898438
-0.1044427379965782165527344
-0.1035223379731178283691406
-0.1026056110858917236328125
-0.1017067134380340576171875
-0.1008127704262733459472656
-0.0999344140291213989257813
-0.0990598946809768676757813
-0.0981939956545829772949219
-0.0973402634263038635253906
-0.0964940413832664489746094
-0.0956612378358840942382813
-0.0948348641395568847656250
-0.0940149277448654174804688
-0.0932073742151260375976563
-0.0924051478505134582519531
-0.0916177555918693542480469
-0.0908334106206893920898438
-0.0900592356920242309570313
-0.0892917364835739135742188
-0.0885321050882339477539063
-0.0877839252352714538574219
-0.0870401710271835327148438
-0.0863079354166984558105469
-0.0855790004134178161621094
-0.0848581194877624511718750
-0.0841476693749427795410156
-0.0834418088197708129882813
-0.0827488005161285400390625
-0.0820545479655265808105469
-0.0813743770122528076171875
-0.0806989297270774841308594
-0.0800293684005737304687500
-0.0793692916631698608398438
-0.0787169486284255981445313
-0.0780664831399917602539063
-0.0774226263165473937988281
-0.0767912939190864562988281
-0.0761630907654762268066406
-0.0755404084920883178710938
-0.0749250277876853942871094
-0.0743140354752540588378906
-0.0737127736210823059082031
-0.0731165111064910888671875
-0.0725253224372863769531250
-0.0719397962093353271484375
-0.0713611394166946411132813
-0.0707864165306091308593750
-0.0702227428555488586425781
-0.0696601197123527526855469
-0.0691032856702804565429688
-0.0685522481799125671386719
-0.0680058524012565612792969
-0.0674676746129989624023438
-0.0669335871934890747070313
-0.0664036348462104797363281
-0.0658784136176109313964844
-0.0653603076934814453125000
-0.0648457929491996765136719
-0.0643372535705566406250000
-0.0638347119092941284179688
-0.0633352398872375488281250
-0.0628412067890167236328125
-0.0621399581432342529296875
-0.0611814484000205993652344
-0.0602394416928291320800781
-0.0593161433935165405273438
-0.0584096424281597137451172
-0.0575212277472019195556641
-0.0566492676734924316406250
-0.0557942017912864685058594
-0.0549549646675586700439453
-0.0541319698095321655273438
-0.0533229894936084747314453
-0.0525298938155174255371094
-0.0517522096633911132812500
-0.0509879849851131439208984
-0.0502379089593887329101563
-0.0495017990469932556152344
-0.0487794578075408935546875
-0.0480692200362682342529297
-0.0473723486065864562988281
-0.0466880574822425842285156
-0.0460158586502075195312500
-0.0453567095100879669189453
-0.0447080433368682861328125
-0.0440723225474357604980469
-0.0434460788965225219726563
-0.0428323335945606231689453
-0.0422291234135627746582031
-0.0416356101632118225097656
-0.0410536676645278930664063
-0.0404815785586833953857422
-0.0399191230535507202148438
-0.0393660850822925567626953
-0.0388234108686447143554688
-0.0382896848022937774658203
-0.0377655699849128723144531
-0.0372493602335453033447266
-0.0367422960698604583740234
-0.0362435504794120788574219
-0.0357540622353553771972656
-0.0352721288800239562988281
-0.0347989760339260101318359
-0.0343331955373287200927734
-0.0338757112622261047363281
-0.0334256961941719055175781
-0.0329829119145870208740234
-0.0325468108057975769042969
-0.0321189202368259429931641
-0.0316973738372325897216797
-0.0312826484441757202148438
-0.0308749526739120483398438
-0.0304738767445087432861328
-0.0300794597715139389038086
-0.0296914633363485336303711
-0.0293093305081129074096680
-0.0289338380098342895507813
-0.0285641439259052276611328
-0.0281996950507164001464844
-0.0278415586799383163452148
-0.0274888966232538223266602
-0.0271424762904644012451172
-0.0268005598336458206176758
-0.0264648068696260452270508
-0.0261342208832502365112305
-0.0258082449436187744140625
-0.0254873465746641159057617
-0.0251720082014799118041992
-0.0248609315603971481323242
-0.0245544444769620895385742
-0.0242534521967172622680664
-0.0239571016281843185424805
-0.0236642491072416305541992
-0.0233769789338111877441406
-0.0230932589620351791381836
-0.0228147339075803756713867
-0.0225392188876867294311523
-0.0222686585038900375366211
-0.0220020450651645660400391
-0.0217391047626733779907227
-0.0214800145477056503295898
-0.0212252344936132431030273
-0.0209739059209823608398438
-0.0207266397774219512939453
-0.0204827170819044113159180
-0.0202426109462976455688477
-0.0200051553547382354736328
-0.0197721440345048904418945
-0.0195421259850263595581055
-0.0193154066801071166992188
-0.0190921593457460403442383
-0.0188722517341375350952148
-0.0186552628874778747558594
-0.0184416528791189193725586
-0.0182304102927446365356445
-0.0180227290838956832885742
-0.0178181789815425872802734
-0.0176156088709831237792969
-0.0174169428646564483642578
-0.0172210223972797393798828
-0.0170265361666679382324219
-0.0168360043317079544067383
-0.0166481137275695800781250
-0.0164625849574804306030273
-0.0162794385105371475219727
-0.0160991232842206954956055
-0.0159213654696941375732422
-0.0157457329332828521728516
-0.0155726773664355278015137
-0.0154019277542829513549805
-0.0152336321771144866943359
-0.0150675186887383460998535
-0.0149041833356022834777832
-0.0147423166781663894653320
-0.0145828127861022949218750
-0.0144255310297012329101563
-0.0142703456804156303405762
-0.0141169661656022071838379
-0.0139662902802228927612305
-0.0138172954320907592773438
-0.0136707341298460960388184
-0.0135254319757223129272461
-0.0133821405470371246337891
-0.0132407210767269134521484
-0.0131016243249177932739258
-0.0129639785736799240112305
-0.0128281610086560249328613
-0.0126942517235875129699707
-0.0125618968158960342407227
-0.0124313980340957641601563
-0.0123026166111230850219727
-0.0121751921251416206359863
-0.0120500158518552780151367
-0.0119258500635623931884766
-0.0118037257343530654907227
-0.0116829210892319679260254
-0.0115635907277464866638184
-0.0114458873867988586425781
-0.0113296713680028915405273
-0.0112150274217128753662109
-0.0111015178263187408447266
-0.0109897414222359657287598
-0.0108792604878544807434082
-0.0107700843364000320434570
-0.0106625119224190711975098
-0.0105561129748821258544922
-0.0104511873796582221984863
-0.0103472955524921417236328
-0.0102448184043169021606445
-0.0101434597745537757873535
-0.0100436760112643241882324
-0.0099447323009371757507324
-0.0098472265526652336120605
-0.0097510144114494323730469
-0.0096560297533869743347168
-0.0095620555803179740905762
-0.0094691012054681777954102
-0.0093773892149329185485840
-0.0092867799103260040283203
-0.0091973505914211273193359
-0.0091088153421878814697266
-0.0090213250368833541870117
-0.0089350305497646331787109
-0.0088497903198003768920898
-0.0087653882801532745361328
-0.0086821978911757469177246
-0.0086000757291913032531738
-0.0085185142233967781066895
-0.0084382500499486923217773
-0.0083585549145936965942383
-0.0082802399992942810058594
-0.0082025025039911270141602
-0.0081259338185191154479980
-0.0080501707270741462707520
-0.0079752914607524871826172
-0.0079013733193278312683105
-0.0078281247988343238830566
-0.0077558462508022785186768
-0.0076843225397169589996338
-0.0076136984862387180328369
-0.0075438357889652252197266
-0.0074746627360582351684570
-0.0074064782820641994476318
-0.0073389182798564434051514
-0.0072722043842077255249023
-0.0072062686085700988769531
-0.0071411891840398311614990
-0.0070766722783446311950684
-0.0070127230137586593627930
-0.0069497120566666126251221
-0.0068874964490532875061035
-0.0068257087841629981994629
-0.0067646498791873455047607
-0.0067043942399322986602783
-0.0066449460573494434356689
-0.0065859397873282432556152
-0.0065276711247861385345459
-0.0064701461233198642730713
-0.0064128506928682327270508
-0.0063566695898771286010742
-0.0063007981516420841217041
-0.0062459008768200874328613
-0.0061912434175610542297363
-0.0061371247284114360809326
-0.0060837664641439914703369
-0.0060308775864541530609131
-0.0059788273647427558898926
-0.0059271790087223052978516
-0.0058759329840540885925293
-0.0058254608884453773498535
-0.0057753217406570911407471
-0.0057261097244918346405029
-0.0056770881637930870056152
-0.0056287022307515144348145
-0.0055807335302233695983887
-0.0055332565680146217346191
-0.0054864953272044658660889
-0.0054400106891989707946777
-0.0053942459635436534881592
-0.0053486875258386135101318
-0.0053036324679851531982422
-0.0052592293359339237213135
-0.0052151130512356758117676
-0.0051718000322580337524414
-0.0051284092478454113006592
-0.0050858985632658004760742
-0.0050436831079423427581787
-0.0050018355250358581542969
-0.0049605807289481163024902
-0.0049198092892765998840332
-0.0048791551962494850158691
-0.0048389141447842121124268
-0.0047994558699429035186768
-0.0047601931728422641754150
-0.0047212755307555198669434
-0.0046828142367303371429443
-0.0046446272172033786773682
-0.0046070483513176441192627
-0.0045697819441556930541992
-0.0045328326523303985595703
-0.0044962372630834579467773
-0.0044600712135434150695801
-0.0044241510331630706787109
-0.0043889214284718036651611
-0.0043537574820220470428467
-0.0043189553543925285339355
-0.0042845155112445354461670
-0.0042503657750785350799561
-0.0042167296633124351501465
-0.0041833491995930671691895
-0.0041502271778881549835205
-0.0041174008511006832122803
-0.0040850192308425903320313
-0.0040528620593249797821045
-0.0040210783481597900390625
-0.0039896694943308830261230
-0.0039584524929523468017578
-0.0039275754243135452270508
-0.0038837473839521408081055
-0.0038238405250012874603271
-0.0037649651058018207550049
-0.0037072589620947837829590
-0.0036506026517599821090698
-0.0035950767342001199722290
-0.0035405792295932769775391
-0.0034871376119554042816162
-0.0034346852917224168777466
-0.0033832481130957603454590
-0.0033326868433505296707153
-0.0032831183634698390960693
-0.0032345131039619445800781
-0.0031867490615695714950562
-0.0031398693099617958068848
-0.0030938624404370784759521
-0.0030487161129713058471680
-0.0030043262522667646408081
-0.0029607717879116535186768
-0.0029180035926401615142822
-0.0028759911656379699707031
-0.0028347943443804979324341
-0.0027942527085542678833008
-0.0027545201592147350311279
-0.0027153799310326576232910
-0.0026770208496600389480591
-0.0026393202133476734161377
-0.0026022256352007389068604
-0.0025658542290329933166504
-0.0025300986599177122116089
-0.0024949451908469200134277
-0.0024603803176432847976685
-0.0024264631792902946472168
-0.0023931053001433610916138
-0.0023603481240570545196533
-0.0023280850145965814590454
-0.0022963935043662786483765
-0.0022652219049632549285889
-0.0022346288897097110748291
-0.0022045080550014972686768
-0.0021749360021203756332397
-0.0021458247210830450057983
-0.0021172319538891315460205
-0.0020891060121357440948486
-0.0020614319946616888046265
-0.0020341756753623485565186
-0.0020074325148016214370728
-0.0019810858648270368576050
-0.0019551655277609825134277
-0.0019296845421195030212402
-0.0019046172965317964553833
-0.0018799662357196211814880
-0.0018557164585217833518982
-0.0018318331567570567131042
-0.0018083648756146430969238
-0.0017852589953690767288208
-0.0017624809406697750091553
-0.0017400974174961447715759
-0.0017180560389533638954163
-0.0016964047681540250778198
-0.0016750349896028637886047
-0.0016540504293516278266907
-0.0016333888052031397819519
-0.0016130153089761734008789
-0.0015929591609165072441101
-0.0015732505125924944877625
-0.0015538082225248217582703
-0.0015346527798101305961609
-0.0015158407622948288917542
-0.0014973188517615199089050
-0.0014790155692026019096375
-0.0014610611833631992340088
-0.0014433286851271986961365
-0.0014259208692237734794617
-0.0014087011804804205894470
-0.0013917911564931273460388
-0.0013751278165727853775024
-0.0013586940476670861244202
-0.0013425009092316031455994
-0.0013265771558508276939392
-0.0013108691200613975524902
-0.0012954149860888719558716
-0.0012801698176190257072449
-0.0012651631841436028480530
-0.0012503222096711397171021
-0.0012357590021565556526184
-0.0012213828740641474723816
-0.0012072129175066947937012
-0.0011932599591091275215149
-0.0011795157333835959434509
-0.0011659539304673671722412
-0.0011526033049449324607849
-0.0011394006432965397834778
-0.0011264205677434802055359
-0.0011136361863464117050171
-0.0011009755544364452362061
-0.0010885589290410280227661
-0.0010763138998299837112427
-0.0010641585104167461395264
-0.0010522502707317471504211
-0.0010405071079730987548828
-0.0010289115598425269126892
-0.0010174649069085717201233
-0.0010061952052637934684753
-0.0009950853418558835983276
-0.0009841083083301782608032
-0.0009732923354022204875946
-0.0009626204846426844596863
-0.0009521020110696554183960
-0.0009417199180461466312408
-0.0009315114584751427173615
-0.0009213947923853993415833
-0.0009114257991313934326172
-0.0009015956893563270568848
-0.0008918966050259768962860
-0.0008823103853501379489899
-0.0008728931425139307975769
-0.0008635809645056724548340
-0.0008544208831153810024261
-0.0008453394984826445579529
-0.0008363837841898202896118
-0.0008275450672954320907593
-0.0008188515203073620796204
-0.0008102486608549952507019
-0.0008017600630410015583038
-0.0007933907327242195606232
-0.0007851185509935021400452
-0.0007769623771309852600098
-0.0007689135381951928138733
-0.0007609495078213512897491
-0.0007531259907409548759460
-0.0007453656289726495742798
-0.0007377328583970665931702
-0.0007301825680769979953766
-0.0007227244204841554164886
-0.0007153679616749286651611
-0.0007081044605001807212830
-0.0007009392138570547103882
-0.0006938448641449213027954
-0.0006868588388897478580475
-0.0006799537804909050464630
-0.0006731302710250020027161
-0.0006664069951511919498444
-0.0006597570609301328659058
-0.0006531992112286388874054
-0.0006467059720307588577271
-0.0006403011502698063850403
-0.0006339662359096109867096
-0.0006277297507040202617645
-0.0006215457688085734844208
-0.0006154516595415771007538
-0.0006094384007155895233154
-0.0006035018595866858959198
-0.0005976284737698733806610
-0.0005918188253417611122131
-0.0005860868259333074092865
-0.0005804237443953752517700
-0.0005748344119638204574585
-0.0005693009588867425918579
-0.0005638328148052096366882
-0.0005584394093602895736694
-0.0005531118949875235557556
-0.0005478367675095796585083
-0.0005426373681984841823578
-0.0005375047330744564533234
-0.0005324071389622986316681
-0.0005273906281217932701111
-0.0005224096821621060371399
-0.0005175149999558925628662
-0.0005126564064994454383850
-0.0005078708636574447154999
-0.0005031356704421341419220
-0.0004984557162970304489136
-0.0004938358324579894542694
-0.0004892577999271452426910
-0.0004847403906751424074173
-0.0004802701587323099374771
-0.0004758561553899198770523
-0.0004714897368103265762329
-0.0004671664210036396980286
-0.0004629048926290124654770
-0.0004586823924910277128220
-0.0004545127740129828453064
-0.0004503917880356311798096
-0.0004463243240024894475937
-0.0004422920173965394496918
-0.0004382951883599162101746
-0.0004343570035416632890701
-0.0004304685280658304691315
-0.0004266067990101873874664
-0.0004227906174492090940475
-0.0004190246399957686662674
-0.0004153091285843402147293
-0.0004116212367080152034760
-0.0004079794452991336584091
-0.0004043841327074915170670
-0.0004008031683042645454407
-0.0003972918493673205375671
-0.0003937998844776302576065
-0.0003903688048012554645538
-0.0003869527135975658893585
-0.0003835702955257147550583
-0.0003802354040089994668961
-0.0003769298491533845663071
-0.0003736767102964222431183
-0.0003704486880451440811157
-0.0003672458115033805370331
-0.0003640913055278360843658
-0.0003609576087910681962967
-0.0003578818577807396650314
-0.0003548180102370679378510
-0.0003517938894219696521759
-0.0003487958456389605998993
-0.0003458285355009138584137
-0.0003429059579502791166306
-0.0003400006680749356746674
-0.0003371403727214783430099
-0.0003342929703649133443832
-0.0003314770292490720748901
-0.0003287018334958702325821
-0.0003259445657022297382355
-0.0003232375020161271095276
-0.0003205255779903382062912
-0.0003178686602041125297546
-0.0003152301942463964223862
-0.0003126147203147411346436
-0.0003100362955592572689056
-0.0003074880805797874927521
-0.0003049471997655928134918
-0.0003024321340490132570267
-0.0002999659918714314699173
-0.0002975120733026415109634
-0.0002950797206722199916840
-0.0002926758897956460714340
-0.0002902892010752111673355
-0.0002879405219573527574539
-0.0002856113715097308158875
-0.0002833020407706499099731
-0.0002810148289427161216736
-0.0002787544508464634418488
-0.0002765094395726919174194
-0.0002743075892794877290726
-0.0002721098426263779401779
-0.0002699347096495330333710
-0.0002677822194527834653854
-0.0002656478609424084424973
-0.0002635456039570271968842
-0.0002614593249745666980743
-0.0002593891986180096864700
-0.0002573375531937927007675
-0.0002553137019276618957520
-0.0002533038787078112363815
-0.0002513173967599868774414
-0.0002493543433956801891327
-0.0002474032808095216751099
-0.0002454734640195965766907
-0.0002427342114970088005066
-0.0002389900328125804662704
-0.0002353103191126137971878
-0.0002317036851309239864349
-0.0002281626657349988818169
-0.0002246922958875074982643
-0.0002212862018495798110962
-0.0002179461007472127676010
-0.0002146678307326510548592
-0.0002114530070684850215912
-0.0002082929277094081044197
-0.0002051948977168649435043
-0.0002021570689976215362549
-0.0001991718163480982184410
-0.0001962418318726122379303
-0.0001933664025273174047470
-0.0001905447570607066154480
-0.0001877703907666727900505
-0.0001850482367444783449173
-0.0001823752245400100946426
-0.0001797494478523731231689
-0.0001771746465237811207771
-0.0001746407942846417427063
-0.0001721575099509209394455
-0.0001697112456895411014557
-0.0001673138031037524342537
-0.0001649575133342295885086
-0.0001626391022000461816788
-0.0001603658893145620822906
-0.0001581311662448570132256
-0.0001559340744279325008392
-0.0001537737698527052998543
-0.0001516539487056434154510
-0.0001495690812589600682259
-0.0001475217577535659074783
-0.0001455053134122863411903
-0.0001435245940228924155235
-0.0001415763690602034330368
-0.0001396643056068569421768
-0.0001377817534375935792923
-0.0001359335001325234770775
-0.0001341140450676903128624
-0.0001323269971180707216263
-0.0001305691257584840059280
-0.0001288394996663555502892
-0.0001271359797101467847824
-0.0001254645321751013398170
-0.0001238178665516898036003
-0.0001221978454850614070892
-0.0001206052838824689388275
-0.0001190385810332372784615
-0.0001174978897324763238430
-0.0001159822786576114594936
-0.0001144895722973160445690
-0.0001130228047259151935577
-0.0001115786872105672955513
-0.0001101550587918609380722
-0.0001087560885935090482235
-0.0001073785024345852434635
-0.0001060252980096265673637
-0.0001046896868501789867878
-0.0001033781518344767391682
-0.0001020868003251962363720
-0.0001008134568110108375549
-0.0000995599475572817027569
-0.0000983281570370309054852
-0.0000971130139078013598919
-0.0000959157987381331622601
-0.0000947400476434268057346
-0.0000935824282350949943066
-0.0000924384730751626193523
-0.0000913163239601999521255
-0.0000902080428204499185085
-0.0000891200543264858424664
-0.0000880438237800262868404
-0.0000869869472808204591274
-0.0000859454885357990860939
-0.0000849183779791928827763
-0.0000839063068269751966000
-0.0000829110722406767308712
-0.0000819293200038373470306
-0.0000809634366305544972420
-0.0000800106136011891067028
-0.0000790726990089751780033
-0.0000781451381044462323189
-0.0000772349376347847282887
-0.0000763364296290092170238
-0.0000754508073441684246063
-0.0000745787474443204700947
-0.0000737197333364747464657
-0.0000728721206542104482651
-0.0000720377065590582787991
-0.0000712125402060337364674
-0.0000704012854839675128460
-0.0000696022616466507315636
-0.0000688109721522778272629
-0.0000680349330650642514229
-0.0000672696187393739819527
-0.0000665099069010466337204
-0.0000657656419207341969013
-0.0000650316942483186721802
-0.0000643069724901579320431
-0.0000635915566817857325077
-0.0000628872003289870917797
-0.0000621928338659927248955
-0.0000615067692706361413002
-0.0000608307709626387804747
-0.0000601637802901677787304
-0.0000595063756918534636497
-0.0000588574948778841644526
-0.0000582194661546964198351
-0.0000575871745240874588490
-0.0000569641124457120895386
-0.0000563497305847704410553
-0.0000557435378141235560179
-0.0000551443990843836218119
-0.0000545558214071206748486
-0.0000539738102816045284271
-0.0000534013051947113126516
-0.0000528337186551652848721
-0.0000522739865118637681007
-0.0000517215667059645056725
-0.0000511782200192101299763
-0.0000506405413034372031689
-0.0000501100039400625973940
-0.0000495869207952637225389
-0.0000490699094370938837528
-0.0000485601485706865787506
-0.0000480570961371995508671
-0.0000475593442388344556093
-0.0000470703744213096797466
-0.0000465853518107905983925
-0.0000461083036498166620731
-0.0000456364105048123747110
-0.0000451702762802597135305
-0.0000447104976046830415726
-0.0000442565287812612950802
-0.0000438087008660659193993
-0.0000433653040090575814247
-0.0000429286774306092411280
-0.0000424971112806815654039
-0.0000420706419390626251698
-0.0000416504371969494968653
-0.0000412348163081333041191
-0.0000408249507017899304628
-0.0000404191232519224286079
-0.0000400188218918628990650
-0.0000396228897443506866693
-0.0000392331094190012663603
-0.0000388466105505358427763
-0.0000384657287213485687971
-0.0000380899000447243452072
-0.0000377188662241678684950
-0.0000373517796106170862913
-0.0000369886765838600695133
-0.0000366304266208317130804
-0.0000362764840247109532356
-0.0000359271507477387785912
-0.0000355813099304214119911
-0.0000352395509253256022930
-0.0000349024630850180983543
-0.0000345694934367202222347
-0.0000342397979693487286568
-0.0000339148355124052613974
-0.0000335940458171535283327
-0.0000332754461851436644793
-0.0000329619142576120793819
-0.0000326506051351316273212
-0.0000323446874972432851791
-0.0000320410254062153398991
-0.0000317419289785902947187
-0.0000314459794026333838701
-0.0000311534822685644030571
-0.0000308647395286243408918
-0.0000305786124954465776682
-0.0000302962744171964004636
-0.0000300168849207693710923
-0.0000297410097118699923158
-0.0000294681085506454110146
-0.0000291979013127274811268
-0.0000289315557893132790923
-0.0000286676495306892320514
-0.0000284070483758114278316
-0.0000281494867522269487381
-0.0000278952702501555904746
-0.0000276432510872837156057
-0.0000273934492724947631359
-0.0000271473127213539555669
-0.0000269042830041144043207
-0.0000266629249381367117167
-0.0000264244135905755683780
-0.0000261890399997355416417
-0.0000259568205365212634206
-0.0000257263272942509502172
-0.0000254987153311958536506
-0.0000252740082942182198167
-0.0000250501980190165340900
-0.0000248307405854575335979
-0.0000246124927798518911004
-0.0000243980503000784665346
-0.0000241845445998478680849
-0.0000239731434703571721911
-0.0000237647127505624666810
-0.0000235581155720865353942
-0.0000233547943935263901949
-0.0000231530430028215050697
-0.0000229528632189612835646
-0.0000227557065954897552729
-0.0000225598505494417622685
-0.0000223676161112962290645
-0.0000221761256398167461157
-0.0000219871180888731032610
-0.0000217997403524350374937
-0.0000216142834688071161509
-0.0000214316223718924447894
-0.0000212500417546834796667
-0.0000210712732950923964381
-0.0000208933106478070840240
-0.0000207173143280670046806
-0.0000205438645934918895364
-0.0000203715353563893586397
-0.0000202023438760079443455
-0.0000200328486243961378932
-0.0000198667912627570331097
-0.0000197018871403997763991
-0.0000195384200196713209152
-0.0000193772684724535793066
-0.0000192180050362367182970
-0.0000190591999853495508432
-0.0000189020083780633285642
-0.0000187478744919644668698
-0.0000185945045814150944352
-0.0000184424825420137494802
-0.0000182922431122278794646
-0.0000181430750672006979585
-0.0000179962826223345473409
-0.0000178507107193581759930
-0.0000177063775481656193733
-0.0000175634268089197576046
-0.0000174221531779039651155
-0.0000172818399732932448387
-0.0000171442243299679830670
-0.0000170068651641486212611
-0.0000168709193530958145857
-0.0000167363887157989665866
-0.0000166029913089005276561
-0.0000164716002473141998053
-0.0000163412078109104186296
-0.0000162118249136256054044
-0.0000160835970746120437980
-0.0000159571063704788684845
-0.0000158314924192382022738
-0.0000157073372974991798401
-0.0000155846464622300118208
-0.0000154627050505951046944
-0.0000153420915012247860432
