-33304838.0000000000000000000000000
-32662940.0000000000000000000000000
-32035518.0000000000000000000000000
-31422822.0000000000000000000000000
-30824174.0000000000000000000000000
-30239172.0000000000000000000000000
-29667444.0000000000000000000000000
-29108606.0000000000000000000000000
-28562578.0000000000000000000000000
-28028336.0000000000000000000000000
-27506442.0000000000000000000000000
-26995860.0000000000000000000000000
-26496828.0000000000000000000000000
-26008704.0000000000000000000000000
-25531560.0000000000000000000000000
-25064514.0000000000000000000000000
-24608114.0000000000000000000000000
-24161392.0000000000000000000000000
-23724414.0000000000000000000000000
-23296764.0000000000000000000000000
-22878346.0000000000000000000000000
-22468744.0000000000000000000000000
-22068486.0000000000000000000000000
-21676522.0000000000000000000000000
-21292746.0000000000000000000000000
-20916892.0000000000000000000000000
-20549490.0000000000000000000000000
-20189316.0000000000000000000000000
-19836896.0000000000000000000000000
-19492122.0000000000000000000000000
-19154080.0000000000000000000000000
-18823218.0000000000000000000000000
-18499256.0000000000000000000000000
-18181608.0000000000000000000000000
-17871100.0000000000000000000000000
-17566190.0000000000000000000000000
-17268108.0000000000000000000000000
-16975938.0000000000000000000000000
-16689555.0000000000000000000000000
-16408917.0000000000000000000000000
-16134059.0000000000000000000000000
-15864697.0000000000000000000000000
-15600468.0000000000000000000000000
-15342035.0000000000000000000000000
-15088405.0000000000000000000000000
-14839520.0000000000000000000000000
-14595814.0000000000000000000000000
-14357150.0000000000000000000000000
-14122610.0000000000000000000000000
-13892935.0000000000000000000000000
-13667827.0000000000000000000000000
-13447079.0000000000000000000000000
-13230480.0000000000000000000000000
-13017972.0000000000000000000000000
-12809658.0000000000000000000000000
-12605483.0000000000000000000000000
-12404836.0000000000000000000000000
-12208370.0000000000000000000000000
-12015477.0000000000000000000000000
-11826254.0000000000000000000000000
-11640249.0000000000000000000000000
-11458110.0000000000000000000000000
-11279466.0000000000000000000000000
-11104093.0000000000000000000000000
-10931737.0000000000000000000000000
-10763046.0000000000000000000000000
-10596932.0000000000000000000000000
-10434162.0000000000000000000000000
-10274276.0000000000000000000000000
-10117413.0000000000000000000000000
-9963465.0000000000000000000000000
-9812215.0000000000000000000000000
-9663675.0000000000000000000000000
-9518097.0000000000000000000000000
-9374823.0000000000000000000000000
-9234224.0000000000000000000000000
-9096116.0000000000000000000000000
-8960510.0000000000000000000000000
-8827421.0000000000000000000000000
-8696741.0000000000000000000000000
-8568287.0000000000000000000000000
-8441991.0000000000000000000000000
-8318061.0000000000000000000000000
-8196154.5000000000000000000000000
-8076440.5000000000000000000000000
-7958890.0000000000000000000000000
-7843354.0000000000000000000000000
-7729805.5000000000000000000000000
-7618295.5000000000000000000000000
-7508750.5000000000000000000000000
-7400869.0000000000000000000000000
-7295090.5000000000000000000000000
-7190914.5000000000000000000000000
-7088703.0000000000000000000000000
-6987991.0000000000000000000000000
-6889183.5000000000000000000000000
-6792011.5000000000000000000000000
-6696444.5000000000000000000000000
-6602529.0000000000000000000000000
-6510076.0000000000000000000000000
-6419330.5000000000000000000000000
-6330061.5000000000000000000000000
-6242279.0000000000000000000000000
-6155869.5000000000000000000000000
-6070998.5000000000000000000000000
-5987437.0000000000000000000000000
-5905386.0000000000000000000000000
-5824462.0000000000000000000000000
-5744984.0000000000000000000000000
-5666880.0000000000000000000000000
-5590037.5000000000000000000000000
-5514305.5000000000000000000000000
-5439847.5000000000000000000000000
-5366627.5000000000000000000000000
-5294694.5000000000000000000000000
-5223656.5000000000000000000000000
-5154033.5000000000000000000000000
-5085395.0000000000000000000000000
-5017787.5000000000000000000000000
-4951332.5000000000000000000000000
-4885918.5000000000000000000000000
-4821549.5000000000000000000000000
-4758190.5000000000000000000000000
-4695728.0000000000000000000000000
-4634324.5000000000000000000000000
-4573904.5000000000000000000000000
-4514473.5000000000000000000000000
-4455918.0000000000000000000000000
-4398320.0000000000000000000000000
-4341446.5000000000000000000000000
-4285637.5000000000000000000000000
-4230522.0000000000000000000000000
-4176458.7500000000000000000000000
-4123077.0000000000000000000000000
-4070498.5000000000000000000000000
-4018806.0000000000000000000000000
-3967865.2500000000000000000000000
-3917679.5000000000000000000000000
-3868270.7500000000000000000000000
-3819585.0000000000000000000000000
-3771762.0000000000000000000000000
-3724392.0000000000000000000000000
-3678048.7500000000000000000000000
-3632164.7500000000000000000000000
-3587077.7500000000000000000000000
-3542573.0000000000000000000000000
-3498773.2500000000000000000000000
-3455620.0000000000000000000000000
-3413078.5000000000000000000000000
-3371150.5000000000000000000000000
-3329938.2500000000000000000000000
-3289265.5000000000000000000000000
-3249155.7500000000000000000000000
-3209748.5000000000000000000000000
-3170850.2500000000000000000000000
-3132481.5000000000000000000000000
-3094666.0000000000000000000000000
-3057443.7500000000000000000000000
-3020720.2500000000000000000000000
-2984497.2500000000000000000000000
-2948914.0000000000000000000000000
-2913737.2500000000000000000000000
-2879046.5000000000000000000000000
-2844884.7500000000000000000000000
-2811292.7500000000000000000000000
-2778075.5000000000000000000000000
-2745353.0000000000000000000000000
-2713068.2500000000000000000000000
-2681262.5000000000000000000000000
-2649898.2500000000000000000000000
-2619016.7500000000000000000000000
-2588461.5000000000000000000000000
-2558432.0000000000000000000000000
-2528752.2500000000000000000000000
-2499522.7500000000000000000000000
-2470685.7500000000000000000000000
-2442243.2500000000000000000000000
-2414216.0000000000000000000000000
-2386566.7500000000000000000000000
-2359276.5000000000000000000000000
-2332367.5000000000000000000000000
-2305820.2500000000000000000000000
-2279676.7500000000000000000000000
-2253839.2500000000000000000000000
-2228388.2500000000000000000000000
-2203265.7500000000000000000000000
-2178473.5000000000000000000000000
-2153992.5000000000000000000000000
-2129884.0000000000000000000000000
-2106069.2500000000000000000000000
-2082550.8750000000000000000000000
-2059368.5000000000000000000000000
-2036583.0000000000000000000000000
-2014018.1250000000000000000000000
-1991773.1250000000000000000000000
-1969790.3750000000000000000000000
-1948130.1250000000000000000000000
-1926714.7500000000000000000000000
-1905584.1250000000000000000000000
-1884819.2500000000000000000000000
-1864203.0000000000000000000000000
-1843925.2500000000000000000000000
-1823946.0000000000000000000000000
-1804169.0000000000000000000000000
-1784623.5000000000000000000000000
-1765390.6250000000000000000000000
-1746411.1250000000000000000000000
-1727608.0000000000000000000000000
-1709089.7500000000000000000000000
-1690857.8750000000000000000000000
-1672814.2500000000000000000000000
-1654999.2500000000000000000000000
-1637394.5000000000000000000000000
-1620009.7500000000000000000000000
-1602827.0000000000000000000000000
-1585935.3750000000000000000000000
-1569217.5000000000000000000000000
-1552733.0000000000000000000000000
-1536404.3750000000000000000000000
-1520340.2500000000000000000000000
-1504462.7500000000000000000000000
-1488782.3750000000000000000000000
-1473231.1250000000000000000000000
-1457976.7500000000000000000000000
-1442862.7500000000000000000000000
-1427938.6250000000000000000000000
-1413205.6250000000000000000000000
-1398654.1250000000000000000000000
-1384274.8750000000000000000000000
-1370039.1250000000000000000000000
-1356065.7500000000000000000000000
-1342197.7500000000000000000000000
-1328514.2500000000000000000000000
-1314996.5000000000000000000000000
-1301605.3750000000000000000000000
-1288440.5000000000000000000000000
-1275442.8750000000000000000000000
-1262563.8750000000000000000000000
-1249813.7500000000000000000000000
-1237252.5000000000000000000000000
-1224860.6250000000000000000000000
-1212609.6250000000000000000000000
-1200489.6250000000000000000000000
-1188510.8750000000000000000000000
-1176694.3750000000000000000000000
-1165010.0000000000000000000000000
-1153459.0000000000000000000000000
-1142041.7500000000000000000000000
-1130778.1250000000000000000000000
-1119619.5000000000000000000000000
-1108605.7500000000000000000000000
-1097717.5000000000000000000000000
-1086994.8750000000000000000000000
-1076359.2500000000000000000000000
-1065830.7500000000000000000000000
-1055478.8750000000000000000000000
-1040776.1875000000000000000000000
-1020716.8750000000000000000000000
-1001109.9375000000000000000000000
-981963.1875000000000000000000000
-963255.4375000000000000000000000
-944974.1250000000000000000000000
-927107.6250000000000000000000000
-909643.9375000000000000000000000
-892580.5625000000000000000000000
-875885.5000000000000000000000000
-859576.3125000000000000000000000
-843620.6250000000000000000000000
-828025.8750000000000000000000000
-812772.0000000000000000000000000
-797861.2500000000000000000000000
-783266.0625000000000000000000000
-769003.5625000000000000000000000
-755043.5000000000000000000000000
-741387.9375000000000000000000000
-728023.8750000000000000000000000
-714948.3125000000000000000000000
-702148.2500000000000000000000000
-689640.1875000000000000000000000
-677391.3125000000000000000000000
-665398.3125000000000000000000000
-653652.8750000000000000000000000
-642171.5625000000000000000000000
-630916.1250000000000000000000000
-619903.0000000000000000000000000
-609128.8125000000000000000000000
-598565.0000000000000000000000000
-588225.5625000000000000000000000
-578101.7500000000000000000000000
-568175.2500000000000000000000000
-558471.8750000000000000000000000
-548943.4375000000000000000000000
-539628.3750000000000000000000000
-530498.0625000000000000000000000
-521548.5937500000000000000000000
-512778.6562500000000000000000000
-504189.3437500000000000000000000
-495771.7812500000000000000000000
-487514.6250000000000000000000000
-479438.5937500000000000000000000
-471512.6562500000000000000000000
-463735.0000000000000000000000000
-456119.1875000000000000000000000
-448660.9375000000000000000000000
-441331.5625000000000000000000000
-434154.2187500000000000000000000
-427119.5937500000000000000000000
-420221.2187500000000000000000000
-413452.5000000000000000000000000
-406811.6250000000000000000000000
-400301.8125000000000000000000000
-393921.3437500000000000000000000
-387651.1250000000000000000000000
-381511.5625000000000000000000000
-375483.6562500000000000000000000
-369570.4375000000000000000000000
-363757.7812500000000000000000000
-358065.9375000000000000000000000
-352483.3125000000000000000000000
-347002.9062500000000000000000000
-341616.7812500000000000000000000
-336345.1875000000000000000000000
-331154.1250000000000000000000000
-326067.5625000000000000000000000
-321071.1250000000000000000000000
-316169.1562500000000000000000000
-311358.2812500000000000000000000
-306631.7187500000000000000000000
-301989.8437500000000000000000000
-297440.5312500000000000000000000
-292963.2187500000000000000000000
-288569.5000000000000000000000000
-284253.6250000000000000000000000
-280015.9375000000000000000000000
-275856.9062500000000000000000000
-271773.1562500000000000000000000
-267758.9687500000000000000000000
-263812.2187500000000000000000000
-259939.4062500000000000000000000
-256129.8281250000000000000000000
-252388.7656250000000000000000000
-248715.3125000000000000000000000
-245104.8125000000000000000000000
-241556.4218750000000000000000000
-238071.7343750000000000000000000
-234648.4531250000000000000000000
-231277.1562500000000000000000000
-227971.5781250000000000000000000
-224716.0781250000000000000000000
-221521.9687500000000000000000000
-218374.7187500000000000000000000
-215286.9843750000000000000000000
-212250.3593750000000000000000000
-209263.8906250000000000000000000
-206329.0312500000000000000000000
-203439.8750000000000000000000000
-200604.0781250000000000000000000
-197814.4218750000000000000000000
-195071.2187500000000000000000000
-192370.9218750000000000000000000
-189718.7031250000000000000000000
-187107.4062500000000000000000000
-184543.3125000000000000000000000
-182014.4375000000000000000000000
-179530.7500000000000000000000000
-177090.0000000000000000000000000
-174688.6718750000000000000000000
-172322.0468750000000000000000000
-169995.2343750000000000000000000
-167707.1093750000000000000000000
-165459.2031250000000000000000000
-163239.2656250000000000000000000
-161063.5468750000000000000000000
-158918.5937500000000000000000000
-156805.8593750000000000000000000
-154729.1406250000000000000000000
-152684.9531250000000000000000000
-150673.4218750000000000000000000
-148693.4531250000000000000000000
-146741.5000000000000000000000000
-144822.6406250000000000000000000
-142934.5156250000000000000000000
-141077.2968750000000000000000000
-139247.4375000000000000000000000
-137447.5000000000000000000000000
-135670.2031250000000000000000000
-133926.1718750000000000000000000
-132203.8125000000000000000000000
-130514.3359375000000000000000000
-128846.1562500000000000000000000
-127203.0781250000000000000000000
-125587.6875000000000000000000000
-123995.7890625000000000000000000
-122427.4843750000000000000000000
-120883.4609375000000000000000000
-119362.0312500000000000000000000
-117867.5625000000000000000000000
-116387.2500000000000000000000000
-114939.0234375000000000000000000
-113505.1484375000000000000000000
-112096.1796875000000000000000000
-110705.4062500000000000000000000
-109336.6640625000000000000000000
-107988.1250000000000000000000000
-106658.7031250000000000000000000
-105348.4531250000000000000000000
-104060.5703125000000000000000000
-102789.5468750000000000000000000
-101536.1171875000000000000000000
-100304.6406250000000000000000000
-99089.0703125000000000000000000
-97890.0468750000000000000000000
-96708.3125000000000000000000000
-95545.1171875000000000000000000
-94397.5078125000000000000000000
-93265.5390625000000000000000000
-92153.5625000000000000000000000
-91054.2890625000000000000000000
-89970.2031250000000000000000000
-88902.6484375000000000000000000
-87852.8984375000000000000000000
-86814.8593750000000000000000000
-85792.2812500000000000000000000
-84783.3828125000000000000000000
-83789.4531250000000000000000000
-82809.3203125000000000000000000
-81844.2734375000000000000000000
-80889.4218750000000000000000000
-79951.0000000000000000000000000
-79023.5078125000000000000000000
-78110.0859375000000000000000000
-77208.9296875000000000000000000
-76320.1015625000000000000000000
-75444.2500000000000000000000000
-74580.2109375000000000000000000
-73727.3906250000000000000000000
-72886.4843750000000000000000000
-72056.8828125000000000000000000
-71239.8984375000000000000000000
-70432.4765625000000000000000000
-69637.1328125000000000000000000
-68852.0546875000000000000000000
-68077.2968750000000000000000000
-67312.2656250000000000000000000
-66558.8750000000000000000000000
-65814.6640625000000000000000000
-65079.7148437500000000000000000
-64355.2656250000000000000000000
-63643.2187500000000000000000000
-62938.0664062500000000000000000
-62242.9101562500000000000000000
-61555.9492187500000000000000000
-60879.0664062500000000000000000
-60209.8359375000000000000000000
-59549.5039062500000000000000000
-58900.6015625000000000000000000
-58256.3437500000000000000000000
-57622.6640625000000000000000000
-56998.3125000000000000000000000
-56380.2812500000000000000000000
-55769.4843750000000000000000000
-55168.4570312500000000000000000
-54575.3476562500000000000000000
-53987.7500000000000000000000000
-53409.0546875000000000000000000
-52839.3085937500000000000000000
-52275.4453125000000000000000000
-51718.7265625000000000000000000
-51168.5781250000000000000000000
-50625.3046875000000000000000000
-50088.3437500000000000000000000
-49560.4804687500000000000000000
-49038.0468750000000000000000000
-48522.9062500000000000000000000
-48012.6367187500000000000000000
-47510.6328125000000000000000000
-47014.4609375000000000000000000
-46524.4492187500000000000000000
-46038.4726562500000000000000000
-45561.7734375000000000000000000
-45089.4609375000000000000000000
-44623.0820312500000000000000000
-44162.6757812500000000000000000
-43707.9414062500000000000000000
-43258.5898437500000000000000000
-42813.7226562500000000000000000
-42377.0546875000000000000000000
-41943.6796875000000000000000000
-41516.0703125000000000000000000
-41093.6406250000000000000000000
-40675.1679687500000000000000000
-40263.7656250000000000000000000
-39857.5898437500000000000000000
-39455.1210937500000000000000000
-39056.6796875000000000000000000
-38664.1406250000000000000000000
-38276.8945312500000000000000000
-37894.0507812500000000000000000
-37515.3007812500000000000000000
-37140.9648437500000000000000000
-36771.6992187500000000000000000
-36406.5625000000000000000000000
-36045.5937500000000000000000000
-35688.8046875000000000000000000
-35336.8164062500000000000000000
-34988.1093750000000000000000000
-34643.9296875000000000000000000
-34303.6718750000000000000000000
-33968.5898437500000000000000000
-33636.2265625000000000000000000
-33307.2109375000000000000000000
-32983.7148437500000000000000000
-32524.2558593750000000000000000
-31897.4023437500000000000000000
-31284.6855468750000000000000000
-30686.3496093750000000000000000
-30101.7324218750000000000000000
-29530.4414062500000000000000000
-28972.1132812500000000000000000
-28426.3730468750000000000000000
-27893.1425781250000000000000000
-27371.4218750000000000000000000
-26861.7597656250000000000000000
-26363.1445312500000000000000000
-25875.8085937500000000000000000
-25399.1250000000000000000000000
-24933.1640625000000000000000000
-24477.0644531250000000000000000
-24031.3613281250000000000000000
-23595.1093750000000000000000000
-23168.3730468750000000000000000
-22750.7460937500000000000000000
-22342.1347656250000000000000000
-21942.1328125000000000000000000
-21551.2558593750000000000000000
-21168.4785156250000000000000000
-20793.6972656250000000000000000
-20426.6523437500000000000000000
-20067.8613281250000000000000000
-19716.1289062500000000000000000
-19371.9687500000000000000000000
-19035.2753906250000000000000000
-18705.1562500000000000000000000
-18382.0488281250000000000000000
-18065.6796875000000000000000000
-17755.4765625000000000000000000
-17452.2460937500000000000000000
-17154.4824218750000000000000000
-16863.3867187500000000000000000
-16578.0644531250000000000000000
-16298.3935546875000000000000000
-16024.3330078125000000000000000
-15755.9169921875000000000000000
-15492.8681640625000000000000000
-15234.8320312500000000000000000
-14982.4560546875000000000000000
-14734.7705078125000000000000000
-14491.7187500000000000000000000
-14253.7246093750000000000000000
-14020.6542968750000000000000000
-13791.6113281250000000000000000
-13567.3193359375000000000000000
-13347.4873046875000000000000000
-13131.9130859375000000000000000
-12920.3906250000000000000000000
-12712.8632812500000000000000000
-12509.4316406250000000000000000
-12310.0419921875000000000000000
-12114.0976562500000000000000000
-11922.2363281250000000000000000
-11733.8642578125000000000000000
-11549.0761718750000000000000000
-11367.4306640625000000000000000
-11189.5605468750000000000000000
-11015.1035156250000000000000000
-10843.8408203125000000000000000
-10675.5244140625000000000000000
-10510.7871093750000000000000000
-10348.5664062500000000000000000
-10189.6113281250000000000000000
-10033.4726562500000000000000000
-9880.2861328125000000000000000
-9729.9462890625000000000000000
-9582.2412109375000000000000000
-9437.1826171875000000000000000
-9295.0166015625000000000000000
-9155.1005859375000000000000000
-9017.7968750000000000000000000
-8882.9257812500000000000000000
-8750.4980468750000000000000000
-8620.5283203125000000000000000
-8492.9111328125000000000000000
-8367.4677734375000000000000000
-8244.1318359375000000000000000
-8123.1064453125000000000000000
-8004.0571289062500000000000000
-7887.1489257812500000000000000
-7772.3535156250000000000000000
-7659.5253906250000000000000000
-7548.6381835937500000000000000
-7439.7416992187500000000000000
-7332.7641601562500000000000000
-7227.4111328125000000000000000
-7124.1118164062500000000000000
-7022.3774414062500000000000000
-6922.5615234375000000000000000
-6824.2099609375000000000000000
-6727.7182617187500000000000000
-6632.8237304687500000000000000
-6539.4965820312500000000000000
-6447.7822265625000000000000000
-6357.4960937500000000000000000
-6268.8774414062500000000000000
-6181.7006835937500000000000000
-6095.9755859375000000000000000
-6011.5913085937500000000000000
-5928.7094726562500000000000000
-5847.1064453125000000000000000
-5766.9785156250000000000000000
-5687.9511718750000000000000000
-5610.3359375000000000000000000
-5534.0625000000000000000000000
-5459.0209960937500000000000000
-5385.0639648437500000000000000
-5312.3510742187500000000000000
-5240.8471679687500000000000000
-5170.6000976562500000000000000
-5101.2270507812500000000000000
-5033.2358398437500000000000000
-4966.2060546875000000000000000
-4900.1831054687500000000000000
-4835.2856445312500000000000000
-4771.4047851562500000000000000
-4708.5444335937500000000000000
-4646.6704101562500000000000000
-4585.6718750000000000000000000
-4525.7075195312500000000000000
-4466.7036132812500000000000000
-4408.6655273437500000000000000
-4351.4824218750000000000000000
-4295.2343750000000000000000000
-4239.6938476562500000000000000
-4185.1928710937500000000000000
-4131.3691406250000000000000000
-4078.5729980468750000000000000
-4026.4423828125000000000000000
-3975.0961914062500000000000000
-3924.6152343750000000000000000
-3874.8684082031250000000000000
-3825.8588867187500000000000000
-3777.6081542968750000000000000
-3730.0634765625000000000000000
-3683.3613281250000000000000000
-3637.1015625000000000000000000
-3591.8444824218750000000000000
-3547.0358886718750000000000000
-3503.0056152343750000000000000
-3459.5439453125000000000000000
-3416.7707519531250000000000000
-3374.6289062500000000000000000
-3333.0844726562500000000000000
-3292.1391601562500000000000000
-3251.8928222656250000000000000
-3212.1733398437500000000000000
-3173.0036621093750000000000000
-3134.5200195312500000000000000
-3096.5334472656250000000000000
-3059.0639648437500000000000000
-3022.1347656250000000000000000
-2985.7849121093750000000000000
-2949.9221191406250000000000000
-2914.5480957031250000000000000
-2879.7988281250000000000000000
-2845.4465332031250000000000000
-2811.5688476562500000000000000
-2778.2077636718750000000000000
-2745.4030761718750000000000000
-2712.9643554687500000000000000
-2681.0087890625000000000000000
-2649.4807128906250000000000000
-2618.4204101562500000000000000
-2587.7912597656250000000000000
-2557.6335449218750000000000000
-2527.7944335937500000000000000
-2498.4687500000000000000000000
-2469.4846191406250000000000000
-2440.9401855468750000000000000
-2412.7790527343750000000000000
-2385.0031738281250000000000000
-2357.6328125000000000000000000
-2330.6315917968750000000000000
-2303.9809570312500000000000000
-2277.7026367187500000000000000
-2251.7775878906250000000000000
-2226.2468261718750000000000000
-2201.0148925781250000000000000
-2176.1604003906250000000000000
-2151.6267089843750000000000000
-2127.4155273437500000000000000
-2103.5083007812500000000000000
-2079.9648437500000000000000000
-2056.7082519531250000000000000
-2033.7410888671875000000000000
-2011.1020507812500000000000000
-1988.8505859375000000000000000
-1966.8145751953125000000000000
-1945.0909423828125000000000000
-1923.6234130859375000000000000
-1902.4708251953125000000000000
-1881.5573730468750000000000000
-1860.9219970703125000000000000
-1840.6437988281250000000000000
-1820.5107421875000000000000000
-1800.7082519531250000000000000
-1781.1972656250000000000000000
-1761.8837890625000000000000000
-1742.7963867187500000000000000
-1724.0142822265625000000000000
-1705.4796142578125000000000000
-1687.1171875000000000000000000
-1669.0329589843750000000000000
-1651.2283935546875000000000000
-1633.6076660156250000000000000
-1616.2102050781250000000000000
-1599.0180664062500000000000000
-1582.0407714843750000000000000
-1565.2607421875000000000000000
-1548.7650146484375000000000000
-1532.4389648437500000000000000
-1516.3408203125000000000000000
-1500.3948974609375000000000000
-1484.7072753906250000000000000
-1469.2019042968750000000000000
-1453.8890380859375000000000000
-1438.7022705078125000000000000
-1423.8054199218750000000000000
-1409.0456542968750000000000000
-1394.4713134765625000000000000
-1380.0836181640625000000000000
-1365.8731689453125000000000000
-1351.8309326171875000000000000
-1337.9288330078125000000000000
-1324.2829589843750000000000000
-1310.7399902343750000000000000
-1297.3771972656250000000000000
-1284.1762695312500000000000000
-1271.0989990234375000000000000
-1258.2426757812500000000000000
-1245.5496826171875000000000000
-1232.9725341796875000000000000
-1220.5212402343750000000000000
-1208.2543945312500000000000000
-1196.1529541015625000000000000
-1184.1890869140625000000000000
-1172.3531494140625000000000000
-1160.6551513671875000000000000
-1149.1156005859375000000000000
-1137.7050781250000000000000000
-1126.4248046875000000000000000
-1115.2751464843750000000000000
-1104.2755126953125000000000000
-1093.3784179687500000000000000
-1082.6228027343750000000000000
-1071.9897460937500000000000000
-1061.5184326171875000000000000
-1051.1320800781250000000000000
-1040.8503417968750000000000000
-1030.7410888671875000000000000
-1016.3829956054687500000000000
-996.7938232421875000000000000
-977.6464233398437500000000000
-958.9484252929687500000000000
-940.6791381835937500000000000
-922.8262939453125000000000000
-905.3785400390625000000000000
-888.3241577148437500000000000
-871.6607055664062500000000000
-855.3569335937500000000000000
-839.4299926757812500000000000
-823.8482666015625000000000000
-808.6190185546875000000000000
-793.7226562500000000000000000
-779.1613769531250000000000000
-764.9082641601562500000000000
-750.9800415039062500000000000
-737.3471679687500000000000000
-724.0116577148437500000000000
-710.9608154296875000000000000
-698.1917114257812500000000000
-685.6916503906250000000000000
-673.4767456054687500000000000
-661.5149536132812500000000000
-649.8030395507812500000000000
-638.3328857421875000000000000
-627.1206665039062500000000000
-616.1290283203125000000000000
-605.3740234375000000000000000
-594.8523559570312500000000000
-584.5361328125000000000000000
-574.4390258789062500000000000
-564.5524902343750000000000000
-554.8586425781250000000000000
-545.3826904296875000000000000
-536.0775756835937500000000000
-526.9808349609375000000000000
-518.0645141601562500000000000
-509.3247985839843750000000000
-500.7604064941406250000000000
-492.3724060058593750000000000
-484.1521301269531250000000000
-476.0885009765625000000000000
-468.2017517089843750000000000
-460.4615783691406250000000000
-452.8662109375000000000000000
-445.4288940429687500000000000
-438.1454467773437500000000000
-430.9878540039062500000000000
-423.9787292480468750000000000
-417.1089782714843750000000000
-410.3722839355468750000000000
-403.7622070312500000000000000
-397.2769775390625000000000000
-390.9197387695312500000000000
-384.6888122558593750000000000
-378.5655517578125000000000000
-372.5698852539062500000000000
-366.6832580566406250000000000
-360.9086303710937500000000000
-355.2322082519531250000000000
-349.6737670898437500000000000
-344.2219848632812500000000000
-338.8700256347656250000000000
-333.6101379394531250000000000
-328.4620971679687500000000000
-323.3927001953125000000000000
-318.4253540039062500000000000
-313.5460205078125000000000000
-308.7589416503906250000000000
-304.0608215332031250000000000
-299.4450378417968750000000000
-294.9119567871093750000000000
-290.4692687988281250000000000
-286.0968933105468750000000000
-281.8061523437500000000000000
-277.5914306640625000000000000
-273.4530639648437500000000000
-269.3915100097656250000000000
-265.4034729003906250000000000
-261.4833679199218750000000000
-257.6291198730468750000000000
-253.8470764160156250000000000
-250.1267852783203125000000000
-246.4734039306640625000000000
-242.8860473632812500000000000
-239.3601684570312500000000000
-235.8949432373046875000000000
-232.4919281005859375000000000
-229.1488800048828125000000000
-225.8565979003906250000000000
-222.6284942626953125000000000
-219.4492950439453125000000000
-216.3300476074218750000000000
-213.2565612792968750000000000
-210.2411956787109375000000000
-207.2757415771484375000000000
-204.3592681884765625000000000
-201.4931945800781250000000000
-198.6717529296875000000000000
-195.9024200439453125000000000
-193.1781463623046875000000000
-190.4992370605468750000000000
-187.8622283935546875000000000
-185.2721710205078125000000000
-182.7220764160156250000000000
-180.2180786132812500000000000
-177.7484741210937500000000000
-175.3229980468750000000000000
-172.9394531250000000000000000
-170.5944061279296875000000000
-168.2832489013671875000000000
-166.0109710693359375000000000
-163.7764739990234375000000000
-161.5812530517578125000000000
-159.4133453369140625000000000
-157.2886199951171875000000000
-155.1939392089843750000000000
-153.1307220458984375000000000
-151.1026763916015625000000000
-149.1063995361328125000000000
-147.1420135498046875000000000
-145.2084503173828125000000000
-143.3022460937500000000000000
-141.4283599853515625000000000
-139.5844879150390625000000000
-137.7707977294921875000000000
-135.9838256835937500000000000
-134.2260742187500000000000000
-132.4904327392578125000000000
-130.7872772216796875000000000
-129.1052856445312500000000000
-127.4554061889648437500000000
-125.8263244628906250000000000
-124.2217559814453125000000000
-122.6442260742187500000000000
-121.0896377563476562500000000
-119.5580902099609375000000000
-118.0502548217773437500000000
-116.5644836425781250000000000
-115.1050415039062500000000000
-113.6594238281250000000000000
-112.2451400756835937500000000
-110.8448715209960937500000000
-109.4689254760742187500000000
-108.1107482910156250000000000
-106.7740859985351562500000000
-105.4571533203125000000000000
-104.1588897705078125000000000
-102.8793487548828125000000000
-101.6216506958007812500000000
-100.3804168701171875000000000
-99.1563644409179687500000000
-97.9537506103515625000000000
-96.7666702270507812500000000
-95.5957489013671875000000000
-94.4417114257812500000000000
-93.3057785034179687500000000
-92.1850662231445312500000000
-91.0796279907226562500000000
-89.9937133789062500000000000
-88.9202041625976562500000000
-87.8615264892578125000000000
-86.8189926147460937500000000
-85.7938461303710937500000000
-84.7801361083984375000000000
-83.7815246582031250000000000
-82.7962722778320312500000000
-81.8256378173828125000000000
-80.8684768676757812500000000
-79.9260482788085937500000000
-78.9935760498046875000000000
-78.0771484375000000000000000
-77.1713943481445312500000000
-76.2793807983398437500000000
-75.3993453979492187500000000
-74.5313491821289062500000000
-73.6760253906250000000000000
-72.8322372436523437500000000
-71.9994049072265625000000000
-71.1782073974609375000000000
-70.3680496215820312500000000
-69.5702133178710937500000000
-68.7817153930664062500000000
-68.0050125122070312500000000
-67.2383346557617187500000000
-66.4817352294921875000000000
-65.7346343994140625000000000
-64.9989013671875000000000000
-64.2721328735351562500000000
-63.5544090270996093750000000
-62.8469390869140625000000000
-62.1515808105468750000000000
-61.4629554748535156250000000
-60.7840919494628906250000000
-60.1132316589355468750000000
-59.4522132873535156250000000
-58.7986679077148437500000000
-58.1538124084472656250000000
-57.5201187133789062500000000
-56.8909606933593750000000000
-56.2721328735351562500000000
-55.6624145507812500000000000
-55.0588684082031250000000000
-54.4623870849609375000000000
-53.8754463195800781250000000
-53.2962379455566406250000000
-52.7224121093750000000000000
-52.1572799682617187500000000
-51.6008872985839843750000000
-51.0502395629882812500000000
-50.5065689086914062500000000
-49.9693145751953125000000000
-49.4387741088867187500000000
-48.9143981933593750000000000
-48.3989067077636718750000000
-47.8887176513671875000000000
-47.3856506347656250000000000
-46.8873405456542968750000000
-46.3971023559570312500000000
-45.9125595092773437500000000
-45.4340324401855468750000000
-44.9594459533691406250000000
-44.4939193725585937500000000
-44.0326766967773437500000000
-43.5772285461425781250000000
-43.1276130676269531250000000
-42.6835365295410156250000000
-42.2447166442871093750000000
-41.8102760314941406250000000
-41.3838424682617187500000000
-40.9606246948242187500000000
-40.5430374145507812500000000
-40.1305084228515625000000000
-39.7218437194824218750000000
-39.3200836181640625000000000
-38.9234275817871093750000000
-38.5303916931152343750000000
-38.1412887573242187500000000
-37.7579498291015625000000000
-37.3797798156738281250000000
-37.0059089660644531250000000
-36.6360359191894531250000000
-36.2704734802246093750000000
-35.9098625183105468750000000
-35.5532836914062500000000000
-35.2007751464843750000000000
-34.8523483276367187500000000
-34.5086097717285156250000000
-34.1680755615234375000000000
-33.8319625854492187500000000
-33.4996795654296875000000000
-33.1724510192871093750000000
-32.8478775024414062500000000
-32.5265731811523437500000000
-32.2106590270996093750000000
-31.7619686126708984375000000
-31.1498069763183593750000000
-30.5514507293701171875000000
-29.9671382904052734375000000
-29.3962230682373046875000000
-28.8383216857910156250000000
-28.2930793762207031250000000
-27.7601299285888671875000000
-27.2393970489501953125000000
-26.7299041748046875000000000
-26.2321872711181640625000000
-25.7452583312988281250000000
-25.2693443298339843750000000
-24.8038330078125000000000000
-24.3487930297851562500000000
-23.9033832550048828125000000
-23.4681262969970703125000000
-23.0420989990234375000000000
-22.6253643035888671875000000
-22.2175254821777343750000000
-21.8184909820556640625000000
-21.4278640747070312500000000
-21.0461483001708984375000000
-20.6723423004150390625000000
-20.3063449859619140625000000
-19.9479026794433593750000000
-19.5975208282470703125000000
-19.2540321350097656250000000
-18.9179382324218750000000000
-18.5891361236572265625000000
-18.2667541503906250000000000
-17.9512195587158203125000000
-17.6422653198242187500000000
-17.3393325805664062500000000
-17.0432090759277343750000000
-16.7524242401123046875000000
-16.4681510925292968750000000
-16.1895160675048828125000000
-15.9163999557495117187500000
-15.6487627029418945312500000
-15.3866376876831054687500000
-15.1297540664672851562500000
-14.8777656555175781250000000
-14.6313047409057617187500000
-14.3894243240356445312500000
-14.1520690917968750000000000
-13.9196529388427734375000000
-13.6920452117919921875000000
-13.4683704376220703125000000
-13.2493352890014648437500000
-13.0346555709838867187500000
-12.8241338729858398437500000
-12.6175689697265625000000000
-12.4149055480957031250000000
-12.2162418365478515625000000
-12.0215253829956054687500000
-11.8301734924316406250000000
-11.6428089141845703125000000
-11.4588518142700195312500000
-11.2783946990966796875000000
-11.1010065078735351562500000
-10.9273052215576171875000000
-10.7569370269775390625000000
-10.5896883010864257812500000
-10.4253168106079101562500000
-10.2644405364990234375000000
-10.1060218811035156250000000
-9.9507923126220703125000000
-9.7983131408691406250000000
-9.6487169265747070312500000
-9.5019006729125976562500000
-9.3576574325561523437500000
-9.2159986495971679687500000
-9.0771646499633789062500000
-8.9405279159545898437500000
-8.8064422607421875000000000
-8.6747322082519531250000000
-8.5454082489013671875000000
-8.4184846878051757812500000
-8.2938585281372070312500000
-8.1713552474975585937500000
-8.0509099960327148437500000
-7.9327211380004882812500000
-7.8164620399475097656250000
-7.7022938728332519531250000
-7.5901889801025390625000000
-7.4800052642822265625000000
-7.3717169761657714843750000
-7.2653727531433105468750000
-7.1609025001525878906250000
-7.0580186843872070312500000
-6.9571404457092285156250000
-6.8577904701232910156250000
-6.7603139877319335937500000
-6.6642675399780273437500000
-6.5700373649597167968750000
-6.4773669242858886718750000
-6.3862271308898925781250000
-6.2966623306274414062500000
-6.2084922790527343750000000
-6.1219506263732910156250000
-6.0368170738220214843750000
-5.9531011581420898437500000
-5.8706946372985839843750000
-5.7897553443908691406250000
-5.7100648880004882812500000
-5.6318149566650390625000000
-5.5546398162841796875000000
-5.4788436889648437500000000
-5.4043579101562500000000000
-5.3310751914978027343750000
-5.2588515281677246093750000
-5.1878428459167480468750000
-5.1180148124694824218750000
-5.0494141578674316406250000
-4.9816670417785644531250000
-4.9152693748474121093750000
-4.8498106002807617187500000
-4.7853350639343261718750000
-4.7219586372375488281250000
-4.6595749855041503906250000
-4.5981879234313964843750000
-4.5377640724182128906250000
-4.4781951904296875000000000
-4.4196362495422363281250000
-4.3620152473449707031250000
-4.3053374290466308593750000
-4.2494945526123046875000000
-4.1945648193359375000000000
-4.1403260231018066406250000
-4.0871024131774902343750000
-4.0345401763916015625000000
-3.9829814434051513671875000
-3.9320726394653320312500000
-3.8819298744201660156250000
-3.8326320648193359375000000
-3.7840511798858642578125000
-3.7361903190612792968750000
-3.6890704631805419921875000
-3.6426401138305664062500000
-3.5970325469970703125000000
-3.5518569946289062500000000
-3.5076606273651123046875000
-3.4639022350311279296875000
-3.4209039211273193359375000
-3.3784608840942382812500000
-3.3366901874542236328125000
-3.2955360412597656250000000
-3.2549653053283691406250000
-3.2149796485900878906250000
-3.1756765842437744140625000
-3.1368880271911621093750000
-3.0986363887786865234375000
-3.0610547065734863281250000
-3.0239584445953369140625000
-2.9873671531677246093750000
-2.9513034820556640625000000
-2.9158055782318115234375000
-2.8807833194732666015625000
-2.8462383747100830078125000
-2.8123035430908203125000000
-2.7787563800811767578125000
-2.7456727027893066406250000
-2.7130935192108154296875000
-2.6810576915740966796875000
-2.6493792533874511718750000
-2.6181726455688476562500000
-2.5873835086822509765625000
-2.5570511817932128906250000
-2.5271399021148681640625000
-2.4976890087127685546875000
-2.4685492515563964843750000
-2.4399108886718750000000000
-2.4116060733795166015625000
-2.3837306499481201171875000
-2.3562295436859130859375000
-2.3291046619415283203125000
-2.3023757934570312500000000
-2.2760074138641357421875000
-2.2499814033508300781250000
-2.2243189811706542968750000
-2.1990015506744384765625000
-2.1740691661834716796875000
-2.1494286060333251953125000
-2.1251566410064697265625000
-2.1011979579925537109375000
-2.0775542259216308593750000
-2.0542073249816894531250000
-2.0312156677246093750000000
-2.0085041522979736328125000
-1.9860752820968627929687500
-1.9639668464660644531250000
-1.9422369003295898437500000
-1.9207173585891723632812500
-1.8995028734207153320312500
-1.8785384893417358398437500
-1.8578816652297973632812500
-1.8374583721160888671875000
-1.8173066377639770507812500
-1.7975037097930908203125000
-1.7778425216674804687500000
-1.7585041522979736328125000
-1.7394504547119140625000000
-1.7205896377563476562500000
-1.7019495964050292968750000
-1.6836076974868774414062500
-1.6655074357986450195312500
-1.6475753784179687500000000
-1.6299149990081787109375000
-1.6125277280807495117187500
-1.5953199863433837890625000
-1.5783302783966064453125000
-1.5615410804748535156250000
-1.5449616909027099609375000
-1.5285749435424804687500000
-1.5124658346176147460937500
-1.4965224266052246093750000
-1.4808015823364257812500000
-1.4652293920516967773437500
-1.4499094486236572265625000
-1.4347674846649169921875000
-1.4198135137557983398437500
-1.4049826860427856445312500
-1.3904349803924560546875000
-1.3760211467742919921875000
-1.3617883920669555664062500
-1.3477379083633422851562500
-1.3338605165481567382812500
-1.3201473951339721679687500
-1.3065711259841918945312500
-1.2932450771331787109375000
-1.2800195217132568359375000
-1.2669699192047119140625000
-1.2540783882141113281250000
-1.2413076162338256835937500
-1.2287526130676269531250000
-1.2163571119308471679687500
-1.2040747404098510742187500
-1.1919152736663818359375000
-1.1799359321594238281250000
-1.1681181192398071289062500
-1.1564346551895141601562500
-1.1448761224746704101562500
-1.1334522962570190429687500
-1.1221832036972045898437500
-1.1110401153564453125000000
-1.1000242233276367187500000
-1.0891358852386474609375000
-1.0783940553665161132812500
-1.0677523612976074218750000
-1.0572488307952880859375000
-1.0468649864196777343750000
-1.0366390943527221679687500
-1.0264961719512939453125000
-1.0164554119110107421875000
-1.0065830945968627929687500
-0.9925615191459655761718750
-0.9734314680099487304687500
-0.9547328352928161621093750
-0.9364730715751647949218750
-0.9186319708824157714843750
-0.9011975526809692382812500
-0.8841587305068969726562500
-0.8675040602684020996093750
-0.8512311577796936035156250
-0.8353095054626464843750000
-0.8197558522224426269531250
-0.8045393228530883789062500
-0.7896670103073120117187500
-0.7751197814941406250000000
-0.7608997821807861328125000
-0.7469807267189025878906250
-0.7333789467811584472656250
-0.7200655937194824218750000
-0.7070426344871520996093750
-0.6942976713180541992187500
-0.6818278431892395019531250
-0.6696207523345947265625000
-0.6576921343803405761718750
-0.6460106968879699707031250
-0.6345732808113098144531250
-0.6233719587326049804687500
-0.6124225258827209472656250
-0.6016885042190551757812500
-0.5911855697631835937500000
-0.5809105038642883300781250
-0.5708360671997070312500000
-0.5609756112098693847656250
-0.5513207912445068359375000
-0.5418541431427001953125000
-0.5326002836227416992187500
-0.5235132575035095214843750
-0.5146297216415405273437500
-0.5059223771095275878906250
-0.4973874986171722412109375
-0.4890238344669342041015625
-0.4808324277400970458984375
-0.4728048145771026611328125
-0.4649301767349243164062500
-0.4572282731533050537109375
-0.4496695101261138916015625
-0.4422521591186523437500000
-0.4349891543388366699218750
-0.4278764128684997558593750
-0.4208865761756896972656250
-0.4140417277812957763671875
-0.4073329865932464599609375
-0.4007541835308074951171875
-0.3942990303039550781250000
-0.3879657983779907226562500
-0.3817575573921203613281250
-0.3756726682186126708984375
-0.3696929216384887695312500
-0.3638377785682678222656250
-0.3580891191959381103515625
-0.3524498343467712402343750
-0.3469064533710479736328125
-0.3414782881736755371093750
-0.3361542820930480957031250
-0.3309277594089508056640625
-0.3257911503314971923828125
-0.3207637667655944824218750
-0.3158131837844848632812500
-0.3109622597694396972656250
-0.3061972856521606445312500
-0.3015224039554595947265625
-0.2969343960285186767578125
-0.2924267947673797607421875
-0.2879999577999114990234375
-0.2836613953113555908203125
-0.2793914973735809326171875
-0.2752013206481933593750000
-0.2710853815078735351562500
-0.2670440077781677246093750
-0.2630776464939117431640625
-0.2591830790042877197265625
-0.2553548514842987060546875
-0.2515909373760223388671875
-0.2478975355625152587890625
-0.2442644387483596801757813
-0.2406966835260391235351563
-0.2371934056282043457031250
-0.2337501645088195800781250
-0.2303661555051803588867188
-0.2270428985357284545898438
-0.2237782031297683715820313
-0.2205630838871002197265625
-0.2174106389284133911132813
-0.2143059521913528442382813
-0.2112598121166229248046875
-0.2082583606243133544921875
-0.2053136676549911499023438
-0.2024177163839340209960938
-0.1995695978403091430664063
-0.1967706978321075439453125
-0.1940153837203979492187500
-0.1913109570741653442382813
-0.1886505335569381713867188
-0.1860344111919403076171875
-0.1834592074155807495117188
-0.1809298545122146606445313
-0.1784395277500152587890625
-0.1759942173957824707031250
-0.1735824942588806152343750
-0.1712138652801513671875000
-0.1688861846923828125000000
-0.1665960997343063354492188
-0.1643391102552413940429688
-0.1621200889348983764648438
-0.1599379628896713256835938
-0.1577941924333572387695313
-0.1556770950555801391601563
-0.1536021679639816284179688
-0.1515565812587738037109375
-0.1495417207479476928710938
-0.1475612074136734008789063
-0.1456117182970046997070313
-0.1436933726072311401367188
-0.1418051272630691528320313
-0.1399435997009277343750000
-0.1381136327981948852539063
-0.1363129764795303344726563
-0.1345417946577072143554688
-0.1327967047691345214843750
-0.1310801506042480468750000
-0.1293851882219314575195313
-0.1277219504117965698242188
-0.1260793805122375488281250
-0.1244681701064109802246094
-0.1228772699832916259765625
-0.1213103085756301879882813
-0.1197697520256042480468750
-0.1182515993714332580566406
-0.1167559474706649780273438
-0.1152834519743919372558594
-0.1138325035572052001953125
-0.1124072670936584472656250
-0.1109955310821533203125000
-0.1096143946051597595214844
-0.1082469448447227478027344
-0.1069032475352287292480469
-0.1055769026279449462890625
-0.1042715683579444885253906
-0.1029855012893676757812500
-0.1017176657915115356445313
-0.1004681140184402465820313
-0.0992398932576179504394531
-0.0980277508497238159179688
-0.0968323871493339538574219
-0.0956579595804214477539063
-0.0944987013936042785644531
-0.0933552235364913940429688
-0.0922282338142395019531250
-0.0911189243197441101074219
-0.0900244787335395812988281
-0.0889449492096900939941406
-0.0878844857215881347656250
-0.0868361368775367736816406
-0.0858022719621658325195313
-0.0847841724753379821777344
-0.0837830528616905212402344
-0.0827931016683578491210938
-0.0818178951740264892578125
-0.0808557346463203430175781
-0.0799078494310379028320313
-0.0789731219410896301269531
-0.0780527815222740173339844
-0.0771421641111373901367188
-0.0762472152709960937500000
-0.0753626897931098937988281
-0.0744915828108787536621094
-0.0736321732401847839355469
-0.0727845206856727600097656
-0.0719492435455322265625000
-0.0711252316832542419433594
-0.0703119188547134399414063
-0.0695099681615829467773438
-0.0687187984585762023925781
-0.0679396614432334899902344
-0.0671696439385414123535156
-0.0664111450314521789550781
-0.0656624361872673034667969
-0.0649235695600509643554688
-0.0641939789056777954101563
-0.0634754896163940429687500
-0.0627657547593116760253906
-0.0620648525655269622802734
-0.0613739639520645141601563
-0.0606949031352996826171875
-0.0600224174559116363525391
-0.0593594647943973541259766
-0.0587043277919292449951172
-0.0580588020384311676025391
-0.0574205741286277770996094
-0.0567908324301242828369141
-0.0561719909310340881347656
-0.0555575788021087646484375
-0.0549532547593116760253906
-0.0543578267097473144531250
-0.0537684261798858642578125
-0.0531859248876571655273438
-0.0526127405464649200439453
-0.0520471073687076568603516
-0.0514867305755615234375000
-0.0509348437190055847167969
-0.0503914915025234222412109
-0.0498537495732307434082031
-0.0493228211998939514160156
-0.0487981587648391723632813
-0.0482800528407096862792969
-0.0477679669857025146484375
-0.0472645573318004608154297
-0.0467663258314132690429688
-0.0462750494480133056640625
-0.0457884185016155242919922
-0.0453096702694892883300781
-0.0448364838957786560058594
-0.0443691723048686981201172
-0.0439057089388370513916016
-0.0434510931372642517089844
-0.0430006608366966247558594
-0.0425558872520923614501953
-0.0421168096363544464111328
-0.0416831411421298980712891
-0.0412546060979366302490234
-0.0408303476870059967041016
-0.0404139086604118347167969
-0.0400006100535392761230469
-0.0395928099751472473144531
-0.0391899496316909790039063
-0.0387908630073070526123047
-0.0383985191583633422851563
-0.0380111597478389739990234
-0.0376273356378078460693359
-0.0372473523020744323730469
-0.0368729978799819946289063
-0.0365036912262439727783203
-0.0361385829746723175048828
-0.0357773788273334503173828
-0.0354203842580318450927734
-0.0350682251155376434326172
-0.0347200036048889160156250
-0.0343757569789886474609375
-0.0340354964137077331542969
-0.0336998142302036285400391
-0.0333672612905502319335938
-0.0330390259623527526855469
-0.0327145308256149291992188
-0.0323949716985225677490234
-0.0320780053734779357910156
-0.0317642316222190856933594
-0.0314557217061519622802734
-0.0310175474733114242553711
-0.0304197333753108978271484
-0.0298354011029005050659180
-0.0292647834867238998413086
-0.0287072490900754928588867
-0.0281624235212802886962891
-0.0276299603283405303955078
-0.0271095018833875656127930
-0.0266009736806154251098633
-0.0261034220457077026367188
-0.0256173703819513320922852
-0.0251418538391590118408203
-0.0246770940721035003662109
-0.0242224931716918945312500
-0.0237781181931495666503906
-0.0233431477099657058715820
-0.0229180920869112014770508
-0.0225020498037338256835938
-0.0220950823277235031127930
-0.0216968022286891937255859
-0.0213071200996637344360352
-0.0209256485104560852050781
-0.0205528791993856430053711
-0.0201878342777490615844727
-0.0198304150253534317016602
-0.0194803737103939056396484
-0.0191382039338350296020508
-0.0188027657568454742431641
-0.0184745490550994873046875
-0.0181534532457590103149414
-0.0178386270999908447265625
-0.0175304878503084182739258
-0.0172287747263908386230469
-0.0169329419732093811035156
-0.0166437588632106781005859
-0.0163597892969846725463867
-0.0160821788012981414794922
-0.0158100742846727371215820
-0.0155433593317866325378418
-0.0152819948270916938781738
-0.0150260133668780326843262
-0.0147751504555344581604004
-0.0145290680229663848876953
-0.0142883835360407829284668
-0.0140521721914410591125488
-0.0138203799724578857421875
-0.0135934110730886459350586
-0.0133711379021406173706055
-0.0131527055054903030395508
-0.0129388039931654930114746
-0.0127291558310389518737793
-0.0125235682353377342224121
-0.0123218446969985961914063
-0.0121239311993122100830078
-0.0119299236685037612915039
-0.0117397708818316459655762
-0.0115529038012027740478516
-0.0113699305802583694458008
-0.0111902849748730659484863
-0.0110140573233366012573242
-0.0108408266678452491760254
-0.0106711965054273605346680
-0.0105048213154077529907227
-0.0103414924815297126770020
-0.0101809734478592872619629
-0.0100238677114248275756836
-0.0098691619932651519775391
-0.0097175706177949905395508
-0.0095686651766300201416016
-0.0094225751236081123352051
-0.0092791998758912086486816
-0.0091383373364806175231934
-0.0089999986812472343444824
-0.0088644186034798622131348
-0.0087309842929244041442871
-0.0086000412702560424804688
-0.0084714181721210479736328
-0.0083451252430677413940430
-0.0082211764529347419738770
-0.0080994712188839912414551
-0.0079798391088843345642090
-0.0078622167930006980895996
-0.0077467979863286018371582
-0.0076332637108862400054932
-0.0075217713601887226104736
-0.0074122939258813858032227
-0.0073046926409006118774414
-0.0071989423595368862152100
-0.0070950905792415142059326
-0.0069930688478052616119385
-0.0068925963714718818664551
-0.0067940824665129184722900
-0.0066970610059797763824463
-0.0066018691286444664001465
-0.0065080737695097923278809
-0.0064160521142184734344482
-0.0063255536369979381561279
-0.0062365499325096607208252
-0.0061490843072533607482910
-0.0060629807412624359130859
-0.0059784674085676670074463
-0.0058953291736543178558350
-0.0058135753497481346130371
-0.0057331002317368984222412
-0.0056540579535067081451416
-0.0055762352421879768371582
-0.0054998192936182022094727
-0.0054244529455900192260742
-0.0053504332900047302246094
-0.0052776932716369628906250
-0.0052061281166970729827881
-0.0051355971954762935638428
-0.0050662527792155742645264
-0.0049980613403022289276123
-0.0049310685135424137115479
-0.0048649092204868793487549
-0.0048000677488744258880615
-0.0047361431643366813659668
-0.0046731787733733654022217
-0.0046112877316772937774658
-0.0045503661967813968658447
-0.0044904178939759731292725
-0.0044314102269709110260010
-0.0043732374906539916992188
-0.0043160510249435901641846
-0.0042597805149853229522705
-0.0042044310830533504486084
-0.0041498970240354537963867
-0.0040962547063827514648438
-0.0040432871319353580474854
-0.0039913109503686428070068
-0.0039399806410074234008789
-0.0038896303158253431320190
-0.0038399146869778633117676
-0.0037909471429884433746338
-0.0037428047508001327514648
-0.0036953624803572893142700
-0.0036486233584582805633545
-0.0036026078741997480392456
-0.0035572657361626625061035
-0.0035127270966768264770508
-0.0034686103463172912597656
-0.0034254498314112424850464
-0.0033827170263975858688354
-0.0033407264854758977890015
-0.0032992782071232795715332
-0.0032584865111857652664185
-0.0032182969152927398681641
-0.0031786770559847354888916
-0.0031396285630762577056885
-0.0031012466643005609512329
-0.0030633672140538692474365
-0.0030260120984166860580444
-0.0029893112368881702423096
-0.0029530844185501337051392
-0.0029173507355153560638428
-0.0028821323066949844360352
-0.0028474663849920034408569
-0.0028132649604231119155884
-0.0027795296628028154373169
-0.0027463901787996292114258
-0.0027136292774230241775513
-0.0026813209988176822662354
-0.0026495053898543119430542
-0.0026182204019278287887573
-0.0025872844271361827850342
-0.0025568092241883277893066
-0.0025267417076975107192993
-0.0024971202947199344635010
-0.0024679100606590509414673
-0.0024391494225710630416870
-0.0024106926284730434417725
-0.0023827254772186279296875
-0.0023550840560346841812134
-0.0023278619628399610519409
-0.0023010054137557744979858
-0.0022745162714272737503052
-0.0022484138607978820800781
-0.0022226634901016950607300
-0.0021972474642097949981689
-0.0021721865050494670867920
-0.0021474624518305063247681
-0.0021231144201010465621948
-0.0020990513730794191360474
-0.0020753482822328805923462
-0.0020519511308521032333374
-0.0020288615487515926361084
-0.0020060618408024311065674
-0.0019836090505123138427734
-0.0019614298362284898757935
-0.0019395266426727175712585
-0.0019179363735020160675049
-0.0018967157229781150817871
-0.0018757005454972386360168
-0.0018549832748249173164368
-0.0018345102434977889060974
-0.0018143375637009739875793
-0.0017943929415196180343628
-0.0017747135134413838386536
-0.0017553747165948152542114
-0.0017361743375658988952637
-0.0017172892112284898757935
-0.0016986820846796035766602
-0.0016802633181214332580566
-0.0016620601527392864227295
-0.0016441481420770287513733
-0.0016264721052721142768860
-0.0016089603304862976074219
-0.0015917138662189245223999
-0.0015747341094538569450378
-0.0015579296741634607315063
-0.0015413381624966859817505
-0.0015249424614012241363525
-0.0015087516512721776962280
-0.0014927489683032035827637
-0.0014770174166187644004822
-0.0014614476822316646575928
-0.0014460952952504158020020
-0.0014308880781754851341248
-0.0014159271959215402603149
-0.0014011401217430830001831
-0.0013865366345271468162537
-0.0013720534043386578559875
-0.0013578466605395078659058
-0.0013437706511467695236206
-0.0013298714766278862953186
-0.0013161503011360764503479
-0.0013025981606915593147278
-0.0012892064405605196952820
-0.0012759483652189373970032
-0.0012629346456378698348999
-0.0012500190641731023788452
-0.0012372753117233514785767
-0.0012246859259903430938721
-0.0012122144689783453941345
-0.0011999537236988544464111
-0.0011878487421199679374695
-0.0011758542386814951896667
-0.0011639797594398260116577
-0.0011522811837494373321533
-0.0011407403508201241493225
-0.0011293307179585099220276
-0.0011180430883541703224182
-0.0011068870080634951591492
-0.0010958820348605513572693
-0.0010850001126527786254883
-0.0010742424055933952331543
-0.0010636092629283666610718
-0.0010531191946938633918762
-0.0010427269153296947479248
-0.0010324695613235235214233
-0.0010223290883004665374756
-0.0010123428655788302421570
-0.0010024376679211854934692
-0.0009926322381943464279175
-0.0009829913033172488212585
-0.0009692983585409820079803
-0.0009506166679784655570984
-0.0009323562844656407833099
-0.0009145244839601218700409
-0.0008971015340648591518402
-0.0008800757350400090217590
-0.0008634362602606415748596
-0.0008471719338558614253998
-0.0008312804275192320346832
-0.0008157319389283657073975
-0.0008005428244359791278839
-0.0007856829324737191200256
-0.0007711591897532343864441
-0.0007569529116153717041016
-0.0007430661935359239578247
-0.0007294733659364283084869
-0.0007161903777159750461578
-0.0007031890563666820526123
-0.0006904713227413594722748
-0.0006780250696465373039246
-0.0006658475031144917011261
-0.0006539265159517526626587
-0.0006422774749808013439178
-0.0006308698211796581745148
-0.0006197004695422947406769
-0.0006087616784498095512390
-0.0005980688729323446750641
-0.0005875864299014210700989
-0.0005773296579718589782715
-0.0005672954139299690723419
-0.0005574570968747138977051
-0.0005478277453221380710602
-0.0005383992101997137069702
-0.0005291544366627931594849
-0.0005201174644753336906433
-0.0005112434155307710170746
-0.0005025680875405669212341
-0.0004940648213960230350494
-0.0004857299791183322668076
-0.0004775623383466154336929
-0.0004695629177149385213852
-0.0004617234517354518175125
-0.0004540333757176995277405
-0.0004465119855012744665146
-0.0004391303809825330972672
-0.0004318868741393089294434
-0.0004247940960340201854706
-0.0004178480594418942928314
-0.0004110220470465719699860
-0.0004043376247864216566086
-0.0003977861197199672460556
-0.0003913615073543041944504
-0.0003850576467812061309814
-0.0003788728499785065650940
-0.0003728101146407425403595
-0.0003668678400572389364243
-0.0003610282437875866889954
-0.0003553103306330740451813
-0.0003496964054647833108902
-0.0003441892913542687892914
-0.0003387758333701640367508
-0.0003334748907946050167084
-0.0003282756661064922809601
-0.0003231716400478035211563
-0.0003181554202456027269363
-0.0003132458659820258617401
-0.0003084113122895359992981
-0.0003036740818060934543610
-0.0002990207867696881294250
-0.0002944554726127535104752
-0.0002899749961216002702713
-0.0002855730417650192975998
-0.0002812499587889760732651
-0.0002770130813587456941605
-0.0002728432591538876295090
-0.0002687512896955013275146
-0.0002647318178787827491760
-0.0002607851638458669185638
-0.0002569117641542106866837
-0.0002531084755901247262955
-0.0002493699721526354551315
-0.0002456942747812718153000
-0.0002420874370727688074112
-0.0002385394909651950001717
-0.0002350553550058975815773
-0.0002316341851837933063507
-0.0002282716450281441211700
-0.0002249669487355276942253
-0.0002217215806012973189354
-0.0002185334014939144253731
-0.0002153936366084963083267
-0.0002123150770785287022591
-0.0002092831564368680119514
-0.0002063084102701395750046
-0.0002033773052971810102463
-0.0002005016285693272948265
-0.0001976735511561855673790
-0.0001948921853909268975258
-0.0001921588846016675233841
-0.0001894681481644511222839
-0.0001868271065177395939827
-0.0001842290366766974329948
-0.0001816742296796292066574
-0.0001791593822417780756950
-0.0001766893110470846295357
-0.0001742573513183742761612
-0.0001718693529255688190460
-0.0001695141545496881008148
-0.0001672010403126478195190
-0.0001649279147386550903320
-0.0001626915036467835307121
-0.0001604874123586341738701
-0.0001583203993504866957664
-0.0001561894168844446539879
-0.0001540958910482004284859
-0.0001520284131402149796486
-0.0001500021171523258090019
-0.0001480044738855212926865
-0.0001460368366679176688194
-0.0001441027416149154305458
-0.0001421989436494186520576
-0.0001403255591867491602898
-0.0001384815695928409695625
-0.0001366636715829372406006
-0.0001348765945294871926308
-0.0001331181410932913422585
-0.0001313884713454172015190
-0.0001296842820011079311371
-0.0001280079595744609832764
-0.0001263527228729799389839
-0.0001247284671990200877190
-0.0001231243950314819812775
-0.0001215509473695419728756
-0.0001199973339680582284927
-0.0001184670982183888554573
-0.0001169626484625041484833
-0.0001154800775111652910709
-0.0001140194799518212676048
-0.0001125814960687421262264
-0.0001111645542550832033157
-0.0001097727217711508274078
-0.0001083940733224153518677
-0.0001070453072316013276577
-0.0001057099070749245584011
-0.0001043977026711218059063
-0.0001031024439726024866104
-0.0001018277034745551645756
-0.0001005717786028981208801
-0.0000993336579995229840279
-0.0000981133925961330533028
-0.0000969139582593925297260
-0.0000957302254391834139824
-0.0000945628780755214393139
-0.0000934159761527553200722
-0.0000922838880796916782856
-0.0000911672104848548769951
-0.0000900666345842182636261
-0.0000889833245310001075268
-0.0000879145300132222473621
-0.0000868603019625879824162
-0.0000858246930874884128571
-0.0000848009149194695055485
-0.0000837912812130525708199
-0.0000827970434329472482204
-0.0000818193875602446496487
-0.0000808526383480057120323
-0.0000799002882558852434158
-0.0000789606783655472099781
-0.0000780350092099979519844
-0.0000771221893955953419209
-0.0000762234194553457200527
-0.0000753341446397826075554
-0.0000744601711630821228027
-0.0000735963767510838806629
-0.0000727456863387487828732
-0.0000719064191798679530621
-0.0000710786334821023046970
-0.0000702629331499338150024
-0.0000694582340656779706478
-0.0000686639832565560936928
-0.0000678808282827958464622
-0.0000671082016197033226490
-0.0000663473256281577050686
-0.0000655953554087318480015
-0.0000648546338197775185108
-0.0000641234728391282260418
-0.0000634019233984872698784
-0.0000626894325250759720802
-0.0000619877828285098075867
-0.0000612946823821403086185
-0.0000606102075835224241018
-0.0000599355116719380021095
-0.0000592723663430660963058
-0.0000586156420467887073755
-0.0000579682273382786661386
-0.0000573284451093059033155
-0.0000566980488656554371119
-0.0000560747794224880635738
-0.0000554597972950432449579
-0.0000548554598935879766941
-0.0000542554480489343404770
-0.0000536652878508903086185
-0.0000530838151462376117706
-0.0000525082286912947893143
-0.0000519393797731027007103
-0.0000513796294399071484804
-0.0000508272532897535711527
-0.0000502800103276968002319
-0.0000497410583193413913250
-0.0000492104409204330295324
-0.0000486853023176081478596
-0.0000481668175780214369297
-0.0000476544519187882542610
-0.0000471484891022555530071
-0.0000466484052594751119614
-0.0000461567942693363875151
-0.0000456702400697395205498
-0.0000451904779765754938126
-0.0000447152524429839104414
-0.0000442477248725481331348
-0.0000437856288044713437557
-0.0000433292698289733380079
-0.0000428766688855830579996
-0.0000424327081418596208096
-0.0000419928328483365476131
-0.0000415584836446214467287
-0.0000411296969105023890734
-0.0000407061925216112285852
-0.0000402877012675162404776
-0.0000398733864130917936563
-0.0000394667076761834323406
-0.0000390630957554094493389
-0.0000386648534913547337055
-0.0000382714351871982216835
-0.0000378817021555732935667
-0.0000374985538655892014503
-0.0000371202731912489980459
-0.0000367454449587967246771
-0.0000363743674824945628643
-0.0000360087869921699166298
-0.0000356481359631288796663
-0.0000352915849362034350634
-0.0000349388465110678225756
-0.0000345902190019842237234
-0.0000342463135893922299147
-0.0000339062535203993320465
-0.0000335700751747936010361
-0.0000332377894665114581585
-0.0000329099748341832309961
-0.0000325852161040529608727
-0.0000322646737913601100445
-0.0000319477840093895792961
-0.0000316357145493384450674
-0.0000313261771225370466709
-0.0000310197574435733258724
-0.0000307184782286640256643
-0.0000302905737044056877494
-0.0000297067708743270486593
-0.0000291361338895512744784
-0.0000285788901237538084388
-0.0000280344229395268484950
-0.0000275023667200002819300
-0.0000269823831331450492144
-0.0000264741229329956695437
-0.0000259775133599760010839
-0.0000254916230915114283562
-0.0000250169632636243477464
-0.0000245525916398037225008
-0.0000240987246797885745764
-0.0000236547784879803657532
-0.0000232208185479976236820
-0.0000227960426855133846402
-0.0000223809493036242201924
-0.0000219746580114588141441
-0.0000215772288356674835086
-0.0000211882834264542907476
-0.0000208077344723278656602
-0.0000204352036234922707081
-0.0000200711710931500419974
-0.0000197146819118643179536
-0.0000193656396731967106462
-0.0000190238024515565484762
-0.0000186896522791357710958
-0.0000183620759344194084406
-0.0000180415518116205930710
-0.0000177279816853115335107
-0.0000174205342773348093033
-0.0000171196170413168147206
-0.0000168249753187410533428
-0.0000165360761457122862339
-0.0000162536707648541778326
-0.0000159763567353365942836
-0.0000157052527356427162886
-0.0000154395256686257198453
-0.0000151790618474478833377
-0.0000149238230733317323029
-0.0000146738411785918287933
-0.0000144288578667328692973
-0.0000141885429911781102419
-0.0000139534995469148270786
-0.0000137228244057041592896
-0.0000134964648168534040451
-0.0000132748155010631307960
-0.0000130577518575591966510
-0.0000128444389702053740621
-0.0000126355507745756767690
-0.0000124308162412489764392
-0.0000122300471048220060766
-0.0000120330514619126915932
-0.0000118397765618283301592
-0.0000116503160825232043862
-0.0000114646200017887167633
-0.0000112821326183620840311
-0.0000111034478322835639119
-0.0000109280126707744784653
-0.0000107559153548208996654
-0.0000105867447928176261485
-0.0000104210903373314067721
-0.0000102586145658278837800
-0.0000100991137514938600361
-0.0000099423568826750852168
-0.0000097889333119383081794
-0.0000096378535090479999781
-0.0000094898150564404204488
-0.0000093443995865527540445
-0.0000092017335191485472023
-0.0000090617186288000084460
-0.0000089241575551568530500
-0.0000087890612121555022895
-0.0000086566587924608029425
-0.0000085263518485589884222
-0.0000083984778029844164848
-0.0000082728693087119609118
-0.0000081495363701833412051
-0.0000080284926298190839589
-0.0000079096398621913976967
-0.0000077928116297698579729
-0.0000076779460869147442281
-0.0000075652324085240252316
-0.0000074543590926623437554
-0.0000073454798439342994243
-0.0000072385682869935408235
-0.0000071334889071295037866
-0.0000070302171479852404445
-0.0000069287993937905412167
-0.0000068291687966848257929
-0.0000067310511440155096352
-0.0000066348461587040219456
-0.0000065400986386521253735
-0.0000064471378209418617189
-0.0000063555407905369065702
-0.0000062656758927914779633
-0.0000061772984736307989806
-0.0000060903807934664655477
-0.0000060049651438021101058
-0.0000059208796301390975714
-0.0000058383470786793623120
-0.0000057571573961467947811
-0.0000056773196774884127080
-0.0000055987306950555648655
-0.0000055215409702213946730
-0.0000054455422286991961300
-0.0000053709172789240255952
-0.0000052973173296777531505
-0.0000052250325097702443600
-0.0000051539973355829715729
-0.0000050841094889619853348
-0.0000050152316362073179334
-0.0000049475124797027092427
-0.0000048809192776388954371
-0.0000048154965952562633902
-0.0000047508879106317181140
-0.0000046875661610101815313
-0.0000046251398089225403965
-0.0000045636511458724271506
-0.0000045032106754661072046
-0.0000044437169890443328768
-0.0000043851737245859112591
-0.0000043275490497762802988
-0.0000042707397369667887688
-0.0000042148935790464747697
-0.0000041599419091653544456
-0.0000041058897295442875475
-0.0000040526338125346228480
-0.0000040002487367019057274
-0.0000039485225897806230932
-0.0000038977645999693777412
-0.0000038476373447338119149
-0.0000037984671052981866524
-0.0000037499166865018196404
-0.0000037020968193246517330
-0.0000036550827644532546401
-0.0000036087524222239153460
-0.0000035631087484944146127
-0.0000035181717521481914446
-0.0000034738923204713501036
-0.0000034303975553484633565
-0.0000033873147913254797459
-0.0000033451658509875414893
-0.0000033034345960913924500
-0.0000032624282084725564346
-0.0000032219513741438277066
-0.0000031821157335798488930
-0.0000031428680813405662775
-0.0000031041768124850932509
-0.0000030660435186291579157
-0.0000030285611956060165539
-0.0000029915695449744816869
-0.0000029550899398600449786
-0.0000029192492547736037523
-0.0000028838715024903649464
-0.0000028489753276517149061
-0.0000028145823307568207383
-0.0000027807288915937533602
-0.0000027473290629131952301
-0.0000027143844363308744505
-0.0000026820216589840129018
-0.0000026500285912334220484
-0.0000026184775379078928381
-0.0000025874076072796015069
-0.0000025568558612576453015
-0.0000025266449483751785010
-0.0000024968840079964138567
-0.0000024675211989233503118
-0.0000024385940378124359995
-0.0000024100684186123544350
-0.0000023819818579795537516
-0.0000023541920199932064861
-0.0000023268803488463163376
-0.0000022998867734713712707
-0.0000022733026980858994648
-0.0000022470755993708735332
-0.0000022212072963156970218
-0.0000021957166609354317188
-0.0000021705698145524365827
-0.0000021457494767673779279
-0.0000021212758838373702019
-0.0000020971313006157288328
-0.0000020733539258799282834
-0.0000020498548565228702500
-0.0000020267073068680474535
-0.0000020038585262227570638
-0.0000019813101062027271837
-0.0000019590447664086241275
-0.0000019371182133909314871
-0.0000019154588244418846443
-0.0000018940689869850757532
-0.0000018729847397480625659
-0.0000018522614482208155096
-0.0000018317388139621471055
-0.0000018115071043212083168
-0.0000017915139096658094786
-0.0000017718140270517324097
-0.0000017523368569527519867
-0.0000017331186654701014049
-0.0000017142331216746242717
-0.0000016954827515291981399
-0.0000016770402453403221443
-0.0000016588692233199253678
-0.0000016408821466029621661
-0.0000016231056179094593972
-0.0000016056134199970983900
-0.0000015883516653047990985
-0.0000015712503227405250072
-0.0000015544080724794184789
-0.0000015378262787635321729
-0.0000015214156974252546206
-0.0000015052130493131699041
-0.0000014892016224621329457
-0.0000014733902844454860315
-0.0000014577626643585972488
-0.0000014423998209167621098
-0.0000014271950021793600172
-0.0000014122024367679841816
-0.0000013973516388432472013
-0.0000013827414022671291605
-0.0000013683009001397294924
-0.0000013540396821554168127
-0.0000013398959026744705625
-0.0000013260221294331131503
-0.0000013122760265105171129
-0.0000012987026138944202103
-0.0000012853030284531996585
-0.0000012720685163003508933
-0.0000012589906646098825149
-0.0000012460433254091185518
-0.0000012333346148807322606
-0.0000012207217423565452918
-0.0000012082766716048354283
-0.0000011959823495999444276
-0.0000011838031923616654240
-0.0000011718298082996625453
-0.0000011600085372265311889
-0.0000011482951549623976462
-0.0000011366989838279550895
-0.0000011252745935053098947
-0.0000011140042488477774896
-0.0000011028620292563573457
-0.0000010918389534708694555
-0.0000010809443438120069914
-0.0000010701972996685071848
-0.0000010595704225124791265
-0.0000010490648492123000324
-0.0000010386809208284830675
-0.0000010284367135682259686
-0.0000010182880032516550273
-0.0000010082710559800034389
-0.0000009983682502934243530
-0.0000009886160796668264084
-0.0000009789430350792827085
-0.0000009693674201116664335
-0.0000009599524446457508020
